"index"	"country"	"country_code"	"age"	"1950-1955"	"1955-1960"	"1960-1965"	"1965-1970"	"1970-1975"	"1975-1980"	"1980-1985"	"1985-1990"	"1990-1995"	"1995-2000"	"2000-2005"	"2005-2010"	"2010-2015"	"2015-2020"	"2020-2025"	"2025-2030"	"2030-2035"	"2035-2040"	"2040-2045"	"2045-2050"	"2050-2055"	"2055-2060"	"2060-2065"	"2065-2070"	"2070-2075"	"2075-2080"	"2080-2085"	"2085-2090"	"2090-2095"	"2095-2100"
1343	"Ecuador"	218	"  0"	0.167352774	0.154040844	0.140892823	0.125916342	0.111165814	0.096184323	0.080003738	0.064819994	0.051678456	0.038670453	0.029544263	0.02452293	0.022514246	0.020118056	0.018009306	0.016257381	0.014674613	0.01327002	0.012021981	0.010898954	0.009890073	0.0089846	0.008161761	0.007411073	0.006732259	0.006114949	0.005558946	0.005043879	0.004569636	0.004146193
1344	"Ecuador"	218	"  1"	0.02093444	0.018855254	0.016786259	0.014428173	0.012087117	0.009817595	0.007404112	0.00519146	0.003596874	0.002264239	0.001455406	0.001335984	0.001177947	0.001053329	0.00094114	0.000847117	0.00076199	0.000691263	0.00062339	0.000568447	0.000515218	0.000468731	0.000423887	0.000390257	0.000352674	0.000320962	0.000284529	0.000259222	0.000239988	0.00021777
1345	"Ecuador"	218	"  5"	0.007824451	0.006523478	0.005244086	0.004587802	0.003932688	0.003232917	0.002450182	0.001764076	0.001280498	0.000920761	0.000706962	0.000660897	0.000584928	0.000529819	0.000483513	0.000443871	0.000406476	0.000369966	0.000340602	0.000313572	0.000287048	0.000265567	0.0002448	0.000222144	0.000204984	0.000188184	0.000176351	0.000161642	0.000146079	0.000134093
1346	"Ecuador"	218	" 10"	0.003346492	0.002556421	0.00178179	0.001601429	0.001413483	0.00124722	0.001071381	0.000888441	0.000811535	0.000809723	0.00078002	0.000740183	0.000688684	0.000642355	0.000601795	0.000565609	0.000531382	0.000500676	0.000472334	0.000446213	0.000420852	0.000399212	0.000377438	0.000358616	0.000338843	0.000320887	0.000303945	0.000287856	0.000272618	0.00025821
1347	"Ecuador"	218	" 15"	0.003658998	0.003000292	0.002351283	0.002112345	0.001870096	0.001671139	0.001476218	0.001329904	0.001356303	0.001508221	0.001530147	0.001440432	0.00135874	0.0012817	0.001211227	0.001149715	0.001090751	0.001037488	0.000989484	0.000943158	0.000898691	0.000859335	0.000819864	0.000784459	0.000748705	0.000716335	0.000683434	0.000652741	0.000624248	0.000596403
1348	"Ecuador"	218	" 20"	0.004710619	0.004001766	0.003301312	0.002987555	0.002669228	0.002376046	0.002076327	0.001944075	0.002056218	0.002358083	0.002422813	0.002280275	0.002150414	0.002031812	0.00192234	0.001826996	0.001734341	0.001652362	0.001576272	0.001505135	0.001435469	0.001373463	0.001311058	0.001253976	0.001199465	0.001147006	0.001096756	0.001048341	0.001001945	0.000958948
1349	"Ecuador"	218	" 25"	0.005702326	0.004895685	0.004097445	0.003727051	0.00335086	0.002984615	0.002603955	0.00247229	0.002584718	0.002888797	0.002936289	0.002769776	0.002611417	0.002465555	0.002332209	0.002216082	0.002103187	0.002001483	0.001908261	0.001822407	0.00173728	0.001661391	0.00158579	0.001515836	0.001450704	0.001385866	0.001324453	0.001266258	0.001210106	0.001156983
1350	"Ecuador"	218	" 30"	0.006714711	0.005779673	0.004852217	0.004459365	0.004062198	0.003644184	0.003196057	0.003039047	0.003056453	0.003204749	0.003167776	0.002998738	0.00282827	0.002670043	0.002525546	0.002399636	0.002277738	0.002167688	0.002066002	0.001973892	0.001880775	0.001799653	0.001716944	0.001642767	0.001570156	0.001502161	0.001435662	0.001372403	0.001310998	0.001252634
1351	"Ecuador"	218	" 35"	0.007878626	0.006757393	0.005650288	0.005292093	0.004930487	0.004504125	0.004020774	0.003810351	0.003695585	0.003649379	0.003506951	0.003336959	0.003146537	0.002971018	0.002810191	0.002669354	0.002533242	0.002412627	0.00229845	0.002196546	0.002092925	0.002002867	0.001910349	0.001828077	0.001747135	0.001670459	0.001597856	0.001526944	0.001459268	0.001394658
1352	"Ecuador"	218	" 40"	0.009548555	0.008152627	0.006780937	0.006452644	0.006121408	0.005697803	0.005192561	0.004887653	0.004637853	0.004419545	0.004176829	0.003998426	0.0037694	0.003559144	0.003366724	0.003199004	0.003036023	0.002890272	0.002754811	0.002631686	0.002508158	0.002398736	0.002289835	0.002190212	0.00209426	0.002000836	0.001913886	0.001829846	0.001748889	0.001670814
1353	"Ecuador"	218	" 45"	0.01205091	0.010232262	0.0084502	0.008168076	0.007886367	0.007407555	0.006791025	0.006389671	0.005968788	0.005508016	0.005129369	0.004940876	0.004658375	0.004400378	0.004161522	0.003953809	0.003753198	0.003572846	0.003405735	0.003252641	0.003099907	0.002964841	0.002829787	0.002707994	0.002588296	0.002473961	0.002365769	0.002262712	0.002162382	0.002066181
1354	"Ecuador"	218	" 50"	0.015796323	0.013353648	0.010970994	0.010796609	0.010625788	0.010029698	0.009181496	0.008613131	0.007884889	0.007000417	0.006395972	0.006204833	0.00584914	0.005521882	0.005220956	0.004957304	0.004703915	0.004475963	0.004265504	0.004073495	0.003880184	0.00371125	0.003539814	0.003385531	0.003236143	0.003092632	0.002955171	0.00282493	0.002700049	0.002579969
1355	"Ecuador"	218	" 55"	0.021902769	0.018617889	0.015426344	0.015258606	0.015095749	0.014288803	0.013089074	0.012083907	0.01088791	0.009489857	0.008602624	0.008398111	0.007920782	0.007482624	0.007078728	0.006726783	0.006387173	0.006081565	0.005798632	0.005540164	0.005281457	0.005053234	0.0048228	0.00461474	0.004413065	0.004220626	0.004035204	0.003858982	0.003689067	0.003527474
1356	"Ecuador"	218	" 60"	0.032720085	0.02816362	0.023747118	0.023344464	0.022954031	0.021736129	0.019959773	0.018092259	0.016226925	0.014217912	0.012949942	0.012672615	0.011991232	0.011365555	0.010784798	0.010280585	0.009790193	0.009347208	0.008935899	0.008559815	0.008181797	0.007848115	0.007510069	0.007204468	0.006906054	0.006621781	0.006347923	0.006086851	0.00583281	0.005590465
1357	"Ecuador"	218	" 65"	0.051139699	0.044528488	0.038148475	0.037279841	0.036441028	0.034529666	0.03182697	0.02844155	0.025542785	0.022634247	0.020755355	0.020311676	0.01930262	0.01837183	0.017500572	0.016746033	0.016007271	0.015335421	0.014712049	0.014142525	0.013562417	0.013054058	0.012532558	0.012062945	0.01160162	0.011158947	0.010732329	0.010322404	0.009925812	0.009543008
1358	"Ecuador"	218	" 70"	0.078964816	0.06960682	0.060596583	0.058931205	0.057328183	0.054436668	0.050454612	0.044539606	0.040118938	0.036026912	0.033299969	0.03257985	0.031080279	0.029698258	0.028390969	0.027262954	0.026153718	0.025137007	0.024193549	0.023334005	0.022447423	0.021673212	0.020872369	0.020153843	0.019441137	0.018757211	0.018095518	0.017457475	0.016839057	0.016240924
1359	"Ecuador"	218	" 75"	0.120282998	0.107499846	0.095127873	0.092093906	0.089181396	0.084913418	0.079172911	0.069069165	0.062389045	0.056799458	0.052931206	0.051758578	0.049532355	0.047480746	0.045532851	0.043846801	0.042182284	0.040653433	0.039231453	0.037932745	0.036587252	0.035412091	0.034189539	0.033095607	0.032006977	0.030958046	0.029942182	0.028959448	0.02800173	0.027079274
1360	"Ecuador"	218	" 80"	0.178483726	0.161920045	0.145808703	0.140694992	0.13578772	0.129739968	0.121796358	0.10537202	0.095581231	0.088256842	0.08295969	0.081106169	0.077893946	0.074933917	0.072109187	0.069656927	0.067223933	0.064983629	0.062894216	0.060981129	0.058987596	0.057247138	0.055423392	0.053797408	0.052172648	0.050599879	0.049074867	0.047594157	0.046142208	0.044750227
1361	"Ecuador"	218	" 85"	0.255904962	0.235851841	0.216276295	0.208352645	0.200729092	0.192620694	0.182222057	0.157086875	0.143337697	0.134270646	0.127362437	0.124552949	0.120102782	0.116003394	0.112063341	0.108635016	0.105211681	0.102049908	0.099091464	0.096376353	0.093524541	0.091038596	0.088408882	0.086076349	0.083733014	0.081452584	0.079238203	0.077079029	0.074946817	0.072913304
1362	"Ecuador"	218	" 90"	0.351854055	0.329495867	0.307662412	0.296478708	0.285655122	0.27551967	0.262836001	0.227069635	0.208822083	0.198414541	0.189972264	0.185947644	0.18011462	0.174747673	0.169536741	0.165000031	0.160431524	0.15619714	0.152220089	0.148564318	0.144681295	0.141309214	0.137695758	0.134515623	0.131297489	0.128146684	0.125081954	0.122079109	0.11908978	0.116255604
1363	"Ecuador"	218	" 95"	0.461319794	0.438662093	0.416647598	0.402396266	0.388474884	0.37681816	0.362601968	0.31583025	0.293246828	0.282407124	0.27290453	0.267536801	0.260413855	0.25388054	0.247443969	0.241857359	0.236168162	0.230874712	0.225882442	0.221294706	0.216342266	0.212076058	0.207420678	0.203374973	0.199239527	0.195163133	0.191190982	0.187278019	0.183347193	0.179646029
1364	"Ecuador"	218	"100+"	0.579773117	0.559774682	0.540695309	0.524931695	0.509365457	0.497646121	0.483808793	0.430560951	0.406206324	0.397007802	0.388036461	0.38186062	0.374437254	0.367705351	0.360927302	0.355133089	0.349144605	0.343564874	0.338292794	0.333487438	0.32816294	0.323677928	0.318639157	0.314383973	0.309969377	0.305593113	0.301332693	0.297119419	0.292849238	0.28887961
1541	"Fiji"	242	"  0"	0.076509221	0.068537084	0.06139731	0.055005311	0.04927681	0.044631288	0.038213703	0.032711162	0.028013132	0.023981139	0.02053235	0.019755766	0.01873211	0.017761677	0.016885446	0.015804745	0.014561715	0.013546578	0.012676363	0.011909582	0.011245842	0.010654216	0.010114117	0.009635583	0.009208292	0.008791482	0.008415597	0.008060259	0.007725429	0.007421211
1542	"Fiji"	242	"  1"	0.027449719	0.021138796	0.016271138	0.012509384	0.009619183	0.007250296	0.005095352	0.003578917	0.002513688	0.001763765	0.001235692	0.001191392	0.001133055	0.001076187	0.001021072	0.000952855	0.000883134	0.000811756	0.000764031	0.000717997	0.000673379	0.000640281	0.000613338	0.000581906	0.000551043	0.000530836	0.000506119	0.000481434	0.000467636	0.000443766
1543	"Fiji"	242	"  5"	0.00437954	0.003666527	0.003071397	0.002580004	0.002168883	0.001866859	0.001512319	0.001229003	0.000998756	0.000815363	0.000667441	0.000638069	0.000604035	0.000568554	0.000539957	0.00050237	0.000460325	0.000429617	0.000399172	0.000372346	0.00035359	0.000332746	0.000311862	0.000297745	0.000285002	0.000268832	0.000257271	0.000247862	0.000233615	0.000225565
1544	"Fiji"	242	" 10"	0.001997791	0.00183901	0.001673912	0.001513727	0.001363265	0.001238362	0.001100706	0.000972381	0.000853448	0.000745758	0.000649005	0.000621904	0.000584085	0.000548892	0.000517216	0.000479692	0.000436504	0.000401475	0.000371501	0.000346314	0.000324325	0.000303811	0.000286318	0.00027015	0.000256522	0.000243043	0.000231897	0.000220408	0.00020967	0.000198873
1545	"Fiji"	242	" 15"	0.004641344	0.004018838	0.003479374	0.003013723	0.002616984	0.002240046	0.001987753	0.001767125	0.001572105	0.001396271	0.001242811	0.001187177	0.001111695	0.001043102	0.000980017	0.000905432	0.000820659	0.000750605	0.000692982	0.000642193	0.000599442	0.000561706	0.000527802	0.000496296	0.00047023	0.000444977	0.000421954	0.000400122	0.00037982	0.000361018
1546	"Fiji"	242	" 20"	0.006669068	0.005759719	0.004974802	0.004295842	0.003719116	0.003164422	0.002843439	0.002557754	0.00230142	0.00206737	0.001860286	0.001777118	0.00166403	0.001559062	0.001465753	0.001351672	0.001224782	0.001121409	0.001034131	0.000957299	0.000892869	0.000836843	0.000786831	0.000739924	0.000699704	0.0006611	0.000627565	0.000595029	0.000564611	0.000537297
1547	"Fiji"	242	" 25"	0.007126833	0.006223401	0.005436056	0.004747739	0.004157702	0.00357387	0.003231577	0.002924899	0.002647059	0.002392893	0.002165387	0.0020696	0.001937414	0.00181615	0.001707881	0.001575669	0.001426624	0.001306851	0.001206913	0.001117525	0.001042253	0.000975672	0.000917517	0.000862954	0.000817598	0.00077202	0.000732489	0.00069397	0.000659621	0.000626981
1548	"Fiji"	242	" 30"	0.006902664	0.00619418	0.005558795	0.004988085	0.004488429	0.003954287	0.003646425	0.003366014	0.003106602	0.002865046	0.002644169	0.002526251	0.002365848	0.002217502	0.002084885	0.001924493	0.001742377	0.001594482	0.001472024	0.001364584	0.00127224	0.001191861	0.001118838	0.001052583	0.000997853	0.00094249	0.000894033	0.000846441	0.000805217	0.000765543
1549	"Fiji"	242	" 35"	0.007083143	0.006552643	0.006063287	0.005608721	0.005203288	0.004743459	0.004516309	0.004303661	0.004102143	0.003906003	0.003722809	0.0035554	0.00333083	0.003122249	0.002935731	0.002708162	0.002452701	0.002244216	0.002071955	0.001919362	0.001790427	0.001676853	0.001575097	0.001482098	0.001404609	0.001326298	0.001259016	0.00119324	0.001132745	0.001077781
1550	"Fiji"	242	" 40"	0.007800328	0.007426208	0.007073104	0.00673506	0.006430471	0.006091333	0.006001207	0.005919628	0.005841379	0.005755288	0.005678786	0.005424259	0.005080107	0.00476346	0.00447761	0.004130094	0.003741273	0.003423869	0.003162119	0.002928755	0.002731124	0.002557963	0.002402854	0.002261508	0.002142251	0.002023779	0.001918613	0.001819569	0.001726765	0.001643508
1551	"Fiji"	242	" 45"	0.009714771	0.009422956	0.009140145	0.008865794	0.00862218	0.008413088	0.008501179	0.008601014	0.00870196	0.008792954	0.008897507	0.008499071	0.007959954	0.007463412	0.007016197	0.00647315	0.005863672	0.005366609	0.004955576	0.00459086	0.004280354	0.004010268	0.003765789	0.003544307	0.003358509	0.003173088	0.003007747	0.002852475	0.002708958	0.002577674
1552	"Fiji"	242	" 50"	0.013449205	0.013132685	0.01282311	0.012520765	0.012257458	0.012179006	0.012479324	0.012803387	0.013134209	0.013459324	0.013807699	0.013186641	0.012346452	0.011570985	0.010875509	0.010028376	0.009077577	0.008304268	0.007663012	0.007097202	0.006614874	0.006194093	0.005815485	0.005469722	0.005180794	0.004894289	0.004638323	0.00439798	0.004174406	0.003970465
1553	"Fiji"	242	" 55"	0.020821819	0.020232434	0.019660897	0.019105916	0.018613642	0.018552798	0.019020713	0.019522608	0.020038156	0.020541624	0.021082537	0.020146414	0.018876394	0.017703365	0.01665066	0.015366774	0.013926704	0.012752863	0.011778491	0.010917698	0.010182653	0.009541335	0.008965203	0.008438441	0.007995444	0.00755748	0.007167945	0.006799462	0.006456863	0.006144752
1554	"Fiji"	242	" 60"	0.035195339	0.033782007	0.032427793	0.031128747	0.029956923	0.029589897	0.029977152	0.03040576	0.030841654	0.031243235	0.031689769	0.030343694	0.028508241	0.026811713	0.02528348	0.02341468	0.021311212	0.019589022	0.01815465	0.016881218	0.015792691	0.014839973	0.013980864	0.013194488	0.012532043	0.011871883	0.011286251	0.010730332	0.010212639	0.009739758
1555	"Fiji"	242	" 65"	0.062907117	0.059203034	0.055711322	0.052677463	0.049955195	0.048642869	0.04819133	0.047871297	0.047561529	0.047191198	0.046899774	0.045014194	0.04243204	0.040039988	0.037882451	0.035232245	0.032238549	0.029774998	0.027717082	0.025884245	0.024311483	0.022931675	0.021677178	0.020527	0.019559975	0.01858992	0.017725322	0.01690407	0.016137894	0.015434293
1556	"Fiji"	242	" 70"	0.113100199	0.105788194	0.09869725	0.091783805	0.085566369	0.081643855	0.079023661	0.07668657	0.074433868	0.072164865	0.070058792	0.067388373	0.063708887	0.060294948	0.057207738	0.053403669	0.049094871	0.045532039	0.042550916	0.039885566	0.037592909	0.035578841	0.033734864	0.032040277	0.030619153	0.029184374	0.027902564	0.026684577	0.025542726	0.024491135
1557	"Fiji"	242	" 75"	0.193168698	0.181851446	0.170353774	0.156363911	0.143637667	0.134443141	0.127987569	0.121835457	0.115970796	0.110291735	0.10490817	0.10116406	0.095945089	0.091080564	0.086661635	0.081191483	0.074956667	0.069771008	0.065412098	0.06149541	0.058115289	0.055133102	0.052405105	0.049881348	0.04776648	0.045622946	0.043706309	0.041880935	0.040162894	0.038583602
1558	"Fiji"	242	" 80"	0.308105898	0.292579161	0.276025684	0.252015899	0.229790674	0.212346041	0.199748708	0.187392668	0.175664512	0.164491103	0.153834838	0.148795967	0.14167225	0.134996289	0.12889659	0.121300429	0.11257304	0.105258956	0.099073535	0.093480241	0.088631529	0.084330439	0.080396115	0.076727105	0.073654667	0.070523971	0.067721271	0.065044121	0.062511867	0.060188204
1559	"Fiji"	242	" 85"	0.452134383	0.433711965	0.41307281	0.378297453	0.345234693	0.317449951	0.296807894	0.276077362	0.256294953	0.237483986	0.219403256	0.212975641	0.20372919	0.195011621	0.1869896	0.17692457	0.165246128	0.155365298	0.146944147	0.139268608	0.132575585	0.1265984	0.121125566	0.115971965	0.111659867	0.107233724	0.103265107	0.099459802	0.095837595	0.092519329
1560	"Fiji"	242	" 90"	0.606035669	0.587530946	0.565716452	0.523607433	0.482021624	0.444579412	0.415739726	0.385973545	0.357102624	0.329345254	0.302277771	0.29460454	0.283325223	0.272626581	0.262699348	0.250133492	0.235383128	0.222760625	0.211901101	0.201908688	0.193131363	0.185229039	0.177978619	0.171070169	0.165298229	0.159313929	0.153938998	0.148760629	0.143791281	0.139247036
1561	"Fiji"	242	" 95"	0.743763719	0.728142203	0.70880816	0.666532465	0.62273314	0.58013259	0.545709676	0.508920169	0.472210724	0.436059026	0.399980537	0.391509046	0.378710843	0.366508428	0.355080424	0.340470774	0.32309616	0.308035078	0.294936862	0.282753102	0.271958841	0.262149622	0.253122619	0.244398504	0.237132545	0.229495861	0.22262751	0.215972667	0.209520177	0.203633771
1562	"Fiji"	242	"100+"	0.848290711	0.836988651	0.822441349	0.787104008	0.748780701	0.708291783	0.67365621	0.635147706	0.595266147	0.554643997	0.512918385	0.504685513	0.491797085	0.479507797	0.467911134	0.452968444	0.435010584	0.419286485	0.405500103	0.39256749	0.381039574	0.370487435	0.360775134	0.351242414	0.343395358	0.334996249	0.32747075	0.320150734	0.31296678	0.306466888
2641	"Madagascar"	450	"  0"	0.213214177	0.195836257	0.180586343	0.165553909	0.153573624	0.14043423	0.126923492	0.125754091	0.108923433	0.086457166	0.065507906	0.050054794	0.046398699	0.040172105	0.035029092	0.031157568	0.028323287	0.025894965	0.023720817	0.021864023	0.020433931	0.019104158	0.017865876	0.016846302	0.016002218	0.015225034	0.014495012	0.013810965	0.013218819	0.01270194
2642	"Madagascar"	450	"  1"	0.038007697	0.034714456	0.031798859	0.028902797	0.026617125	0.023775228	0.020533405	0.02026661	0.016483476	0.011844813	0.007911821	0.005136084	0.004484802	0.003400386	0.002589477	0.002033254	0.001693076	0.00146462	0.001262531	0.001108582	0.001018782	0.000935508	0.000859461	0.000803706	0.000766566	0.0007326	0.000701268	0.000671797	0.000647258	0.00062686
2643	"Madagascar"	450	"  5"	0.015182622	0.013854002	0.012689573	0.011540134	0.010627852	0.009567464	0.008418818	0.008321629	0.006975531	0.005179243	0.003609556	0.002493564	0.002231245	0.001791745	0.001447895	0.001192501	0.001024945	0.00090506	0.000795537	0.000710038	0.000657932	0.00060881	0.000562216	0.000527823	0.000504031	0.000481761	0.000460532	0.000440513	0.000424142	0.000410164
2644	"Madagascar"	450	" 10"	0.005781529	0.005374926	0.005006864	0.004634057	0.004337022	0.004001257	0.00363792	0.003605168	0.003132799	0.002475755	0.001852331	0.001388423	0.001277886	0.001089792	0.000937033	0.000823384	0.000741752	0.000673543	0.000612288	0.000561516	0.000525012	0.000490968	0.000459824	0.000434291	0.000413969	0.00039522	0.000377607	0.000361068	0.00034653	0.000333692
2645	"Madagascar"	450	" 15"	0.007261915	0.00676954	0.006330305	0.005890782	0.005546986	0.00517037	0.004772081	0.004735444	0.004200874	0.003451189	0.002734731	0.002198414	0.002069386	0.001842944	0.001639835	0.001477928	0.001356985	0.001251021	0.001155897	0.001074241	0.001010921	0.000951877	0.000897994	0.000851815	0.000812763	0.00077674	0.000742901	0.000711128	0.00068214	0.000655871
2646	"Madagascar"	450	" 20"	0.009750606	0.00910758	0.008534069	0.007960143	0.007510748	0.007024161	0.006512314	0.006464425	0.005764594	0.004778542	0.003833192	0.003125401	0.002954577	0.002651568	0.002370748	0.002142343	0.001970189	0.001817805	0.001681042	0.001563671	0.001472684	0.001387858	0.00131048	0.001243937	0.001187428	0.001135306	0.001086345	0.001040381	0.000998195	0.000959812
2647	"Madagascar"	450	" 25"	0.01092738	0.010197811	0.009547363	0.008896754	0.008387613	0.007832006	0.007245107	0.007190772	0.006397391	0.005283641	0.004218804	0.003423365	0.003231506	0.002891488	0.002578475	0.002324935	0.002134414	0.001966339	0.001815509	0.001686629	0.001587594	0.001495269	0.001411041	0.001338908	0.001277982	0.001221789	0.001169006	0.001119452	0.001074104	0.001032921
2648	"Madagascar"	450	" 30"	0.011522737	0.01074695	0.010055367	0.009363319	0.008822402	0.00823129	0.007609502	0.007552649	0.006721649	0.005553299	0.004432254	0.003593057	0.003390802	0.003034069	0.002709552	0.002448615	0.002253482	0.002082275	0.001928636	0.001795661	0.001690795	0.001593035	0.001503862	0.001426875	0.001361139	0.001300512	0.001243566	0.001190104	0.001141205	0.001096815
2649	"Madagascar"	450	" 35"	0.013142572	0.012245011	0.011445254	0.01064537	0.010020068	0.009339669	0.008630705	0.008566503	0.007626823	0.006301032	0.005024866	0.004066882	0.003836452	0.003433772	0.00307622	0.002793099	0.002580634	0.002393476	0.002225534	0.00207764	0.001957034	0.001844611	0.001742084	0.001652604	0.001575112	0.001503644	0.001436521	0.001373507	0.001315976	0.001263816
2650	"Madagascar"	450	" 40"	0.015710268	0.014628259	0.013665015	0.012702828	0.011940967	0.011116509	0.010272672	0.01019776	0.009099855	0.007541979	0.00603435	0.004898806	0.004626483	0.004154597	0.003748356	0.003433226	0.003189776	0.002968387	0.002769762	0.002592016	0.002442706	0.002303548	0.002176682	0.002064605	0.001966031	0.001875133	0.001789768	0.001709637	0.001636651	0.001570588
2651	"Madagascar"	450	" 45"	0.019022689	0.01775287	0.016623474	0.015496665	0.014589264	0.013629755	0.012678613	0.012594366	0.011355438	0.009577115	0.007831691	0.006506003	0.006188459	0.005641044	0.005179926	0.004827589	0.004539316	0.004261635	0.00401257	0.003781585	0.003575289	0.003383068	0.00320812	0.003048698	0.002903283	0.002769218	0.002643339	0.002525197	0.002416178	0.002316631
2652	"Madagascar"	450	" 50"	0.023679868	0.022187469	0.020861373	0.019539218	0.018451637	0.017335329	0.01626992	0.016174651	0.014767926	0.012723106	0.010684668	0.009123675	0.008749843	0.008108565	0.007557253	0.007130022	0.006766587	0.006403875	0.006078676	0.005765475	0.00546881	0.005192507	0.004941551	0.00470609	0.004484355	0.004280006	0.0040882	0.003908246	0.00373935	0.003583416
2653	"Madagascar"	450	" 55"	0.031031474	0.029156651	0.027493424	0.025836479	0.02443975	0.023035577	0.021736927	0.021620422	0.019896676	0.017374329	0.014839395	0.012889416	0.012421649	0.011616344	0.010908485	0.010351857	0.009870816	0.009384166	0.008948102	0.008517097	0.008093325	0.007698889	0.00734121	0.006999227	0.006670785	0.006368259	0.006084446	0.005818297	0.005565303	0.005329846
2654	"Madagascar"	450	" 60"	0.042747827	0.040315412	0.038162952	0.036023708	0.034226928	0.03243701	0.03079786	0.030650389	0.028465754	0.025252124	0.022000256	0.019488081	0.018882493	0.017825727	0.016884401	0.016137972	0.01547882	0.014799955	0.014192199	0.013572642	0.012937668	0.012347226	0.011813316	0.011290457	0.010776492	0.010303477	0.009860067	0.009444557	0.009042292	0.0086637
2655	"Madagascar"	450	" 65"	0.062384129	0.05897455	0.055955651	0.052977822	0.050522333	0.048087211	0.045854879	0.045653243	0.04267787	0.038297966	0.033843089	0.030404944	0.029573442	0.02812047	0.026802774	0.025744461	0.02479765	0.023803706	0.022916176	0.021991393	0.021014792	0.020108109	0.019290204	0.018478493	0.017669667	0.01692312	0.01622386	0.015570608	0.014934849	0.014335037
2656	"Madagascar"	450	" 70"	0.095308062	0.090220813	0.085743459	0.081364456	0.077775745	0.07425462	0.071060616	0.070773192	0.066512526	0.060245831	0.053868492	0.048963126	0.047774965	0.045697081	0.043790354	0.042246966	0.040846379	0.039348558	0.038015711	0.036591989	0.035045137	0.033613742	0.032327781	0.031032435	0.029722842	0.02851488	0.027387056	0.026339474	0.025313723	0.024344913
2657	"Madagascar"	450	" 75"	0.14460803	0.137314014	0.130974127	0.124771588	0.119712791	0.114801966	0.110407828	0.110016021	0.104101237	0.095351477	0.08645035	0.079607158	0.077955355	0.07504024	0.072332672	0.070133088	0.068078018	0.065850566	0.06387331	0.061688481	0.059237319	0.056978227	0.054962554	0.052882246	0.050737379	0.048776111	0.046953984	0.045268219	0.043592872	0.042000701
2658	"Madagascar"	450	" 80"	0.212719093	0.202845983	0.194355865	0.18603567	0.179276381	0.172785432	0.167064619	0.166559988	0.158781509	0.147203027	0.135439417	0.12642488	0.124262672	0.120407247	0.116776468	0.11381704	0.110953538	0.107801109	0.105011791	0.101806652	0.098080759	0.094658694	0.091628136	0.088413235	0.08502704	0.081955167	0.079113647	0.076494155	0.073847518	0.071313907
2659	"Madagascar"	450	" 85"	0.300822023	0.288388051	0.277792722	0.267379453	0.258947391	0.250940997	0.244005147	0.243401244	0.233868419	0.219592401	0.205135562	0.194148418	0.191542119	0.18684028	0.182341929	0.178666256	0.174954619	0.170794087	0.167129266	0.162722635	0.157394761	0.152514956	0.148230666	0.143540293	0.138483579	0.133927623	0.12972825	0.125868572	0.121896465	0.118061068
2660	"Madagascar"	450	" 90"	0.406100054	0.39171703	0.379556448	0.367559618	0.357874043	0.348789727	0.3410783	0.34041763	0.329700821	0.313572211	0.297348825	0.285226597	0.282405241	0.27724693	0.272221079	0.268111572	0.263734967	0.258725744	0.254342458	0.248786046	0.241771532	0.235361629	0.229796102	0.223476082	0.216488586	0.210229191	0.20447559	0.19920042	0.193660097	0.1882566
2661	"Madagascar"	450	" 95"	0.520983643	0.505867036	0.493175049	0.480599754	0.470478327	0.461116597	0.453363222	0.452712533	0.441818504	0.425377671	0.409032065	0.397196384	0.394529675	0.389574605	0.384639003	0.380613298	0.37601834	0.370629447	0.365960942	0.359662277	0.351325123	0.343723496	0.337227653	0.329523469	0.320773656	0.312974364	0.305821685	0.299278732	0.292253585	0.285324855
2662	"Madagascar"	450	"100+"	0.637747936	0.623713777	0.612033597	0.600430397	0.59114338	0.582710612	0.575954286	0.575403361	0.565824977	0.551419402	0.537407351	0.527870448	0.525849892	0.522011746	0.518073549	0.514892317	0.510879364	0.506032341	0.501905577	0.495889146	0.48749589	0.479880818	0.473558641	0.46563439	0.456385091	0.448201592	0.440732994	0.433935958	0.4264709	0.419032555
2685	"Malaysia"	458	"  0"	0.108848603	0.089042714	0.071606317	0.056629511	0.044781113	0.035415216	0.028002656	0.022150624	0.017514147	0.013854015	0.010960155	0.008659386	0.007776148	0.007198222	0.006701883	0.006266683	0.005872261	0.005518531	0.005195319	0.004902572	0.004630155	0.004378038	0.004136115	0.003914446	0.003713008	0.003511645	0.003330482	0.003159439	0.002998507	0.002847678
2686	"Malaysia"	458	"  1"	0.009898025	0.008090569	0.006433955	0.00497203	0.003838351	0.002964981	0.002288731	0.001763904	0.001365879	0.001050342	0.000808899	0.000625598	0.000564148	0.000521658	0.000485572	0.000449807	0.000425436	0.000396066	0.000372271	0.000359326	0.000336082	0.000318392	0.000300715	0.000283054	0.000265911	0.0002538	0.00024195	0.000230358	0.000218523	0.000201675
2687	"Malaysia"	458	"  5"	0.002906393	0.00242323	0.00198056	0.001597292	0.001291748	0.001042557	0.000843438	0.000682141	0.000548997	0.000444355	0.000360207	0.000289646	0.000258615	0.000238431	0.00022172	0.000208763	0.000192457	0.000181943	0.000172026	0.000159451	0.000151772	0.000141686	0.000134606	0.00012631	0.000121651	0.000113778	0.000106724	0.000101637	9.65719e-05	9.35126e-05
2688	"Malaysia"	458	" 10"	0.001738485	0.001524969	0.00135365	0.001210123	0.001080162	0.000961838	0.000854773	0.000757375	0.000672853	0.000597752	0.00053022	0.00047052	0.000418353	0.000383313	0.000355745	0.000329346	0.000306922	0.00028702	0.00026858	0.000250827	0.000236529	0.000221844	0.000208416	0.000195315	0.000185006	0.000174766	0.000165452	0.000155636	0.000146811	0.000138002
2689	"Malaysia"	458	" 15"	0.003128017	0.002647008	0.002337554	0.002151315	0.001983803	0.001827966	0.001685356	0.001553034	0.001431945	0.001321417	0.001217861	0.001123418	0.000994697	0.000911293	0.000841879	0.000779864	0.00072349	0.000674657	0.000631006	0.000590189	0.000554232	0.000520196	0.000488032	0.000457532	0.000430836	0.000407193	0.00038266	0.000359944	0.000339771	0.000319249
2690	"Malaysia"	458	" 20"	0.004416343	0.003687044	0.003238759	0.002990651	0.002765805	0.002556257	0.002362935	0.002183406	0.002017555	0.001865118	0.001721899	0.001591966	0.001409242	0.001289341	0.001190593	0.001101897	0.001023599	0.000953484	0.000890762	0.000834228	0.00078268	0.000735189	0.00068906	0.000645666	0.000608822	0.000573512	0.000538269	0.000508751	0.00047888	0.000451003
2691	"Malaysia"	458	" 25"	0.004869952	0.004099323	0.003609224	0.003319336	0.00305827	0.00281582	0.002593254	0.002386325	0.002198368	0.002024706	0.001860768	0.001715281	0.001518469	0.001390247	0.001281974	0.001186582	0.001103407	0.001028292	0.000959653	0.000899213	0.000843847	0.000793537	0.000742717	0.000697272	0.000656645	0.000617623	0.000581152	0.000548502	0.000515494	0.000487028
2692	"Malaysia"	458	" 30"	0.00527286	0.004529032	0.0040343	0.003721533	0.003438003	0.003175664	0.002933628	0.002707204	0.002501536	0.002310709	0.00213116	0.001969587	0.001743097	0.001597289	0.00147159	0.001363196	0.001267891	0.00117994	0.00110222	0.001033356	0.000969747	0.000910834	0.000853664	0.000801468	0.000754108	0.000709849	0.000667476	0.00062875	0.000592585	0.000559238
2693	"Malaysia"	458	" 35"	0.00635751	0.00553626	0.004969419	0.004589204	0.004243895	0.003925649	0.003629716	0.003352509	0.003100433	0.002867031	0.002648257	0.002448394	0.002167886	0.001985408	0.001831108	0.00169684	0.001576226	0.001467732	0.001371521	0.001286228	0.001206147	0.001131746	0.001060909	0.000996358	0.000938042	0.000882491	0.000829606	0.000783137	0.000737481	0.000694677
2694	"Malaysia"	458	" 40"	0.008261037	0.007248322	0.006506473	0.005963348	0.005473761	0.005024954	0.004612624	0.004228041	0.003881396	0.00356354	0.003267018	0.002998273	0.002655277	0.002430695	0.002242036	0.002077109	0.001929415	0.001797987	0.001679041	0.00157374	0.0014762	0.001386377	0.001298981	0.001220236	0.001147026	0.001079231	0.001016242	0.000958769	0.000902321	0.000849747
2695	"Malaysia"	458	" 45"	0.011244868	0.009973587	0.008990392	0.008225356	0.007535547	0.006903998	0.006325705	0.005787298	0.005301508	0.004856866	0.004443291	0.004069971	0.003602677	0.003299611	0.003043118	0.002817135	0.002618909	0.002439547	0.002277329	0.002134416	0.002003219	0.001882024	0.001762568	0.001655093	0.001556256	0.001464999	0.001378546	0.001300677	0.00122388	0.001152796
2696	"Malaysia"	458	" 50"	0.015692658	0.014163048	0.012968637	0.012032465	0.011179974	0.010386918	0.009650833	0.008955577	0.00832052	0.007730925	0.007173096	0.006664657	0.005899738	0.005404939	0.004983963	0.004615422	0.004289514	0.003995679	0.003731593	0.003498653	0.003281391	0.003082284	0.002887143	0.002711752	0.002550667	0.002402481	0.002260477	0.002133422	0.002006747	0.001890098
2697	"Malaysia"	458	" 55"	0.022393121	0.02058151	0.019188716	0.018125147	0.017141853	0.016212169	0.015333288	0.014484255	0.01369873	0.012956821	0.012239697	0.011576229	0.010236383	0.009369074	0.008633172	0.00799013	0.007418367	0.006906818	0.006445603	0.006038992	0.005660448	0.00531346	0.004974932	0.004668115	0.004388593	0.004130619	0.003885127	0.003662307	0.003444985	0.003242446
2698	"Malaysia"	458	" 60"	0.032569176	0.030402839	0.0287739	0.027577335	0.026463476	0.025396402	0.02437312	0.023363628	0.022422362	0.021522209	0.020633693	0.019806004	0.017556337	0.016096625	0.014857232	0.013771276	0.012804341	0.011937059	0.011153269	0.010463444	0.009819733	0.009229729	0.008651827	0.008127984	0.007650234	0.007206836	0.006786017	0.006403522	0.006030648	0.005682584
2699	"Malaysia"	458	" 65"	0.048225267	0.045367114	0.04312648	0.041379582	0.039745777	0.038171768	0.036651447	0.03514373	0.033732768	0.03237446	0.031027216	0.029765081	0.026500862	0.024378823	0.022579501	0.0210087	0.019596552	0.018334446	0.017193131	0.016185706	0.015246139	0.014382465	0.013534077	0.01276506	0.012109665	0.011405736	0.01078213	0.010217458	0.00965745	0.009135867
2700	"Malaysia"	458	" 70"	0.073282652	0.069882006	0.06711488	0.064845063	0.062710239	0.06064458	0.058630521	0.056606109	0.05470623	0.052859217	0.051006948	0.049256945	0.044241905	0.040951418	0.038149035	0.035701068	0.033466525	0.031471296	0.029660698	0.028053218	0.026551677	0.02516574	0.023798337	0.022551399	0.021555027	0.020341058	0.019319991	0.018395933	0.017467787	0.016600267
2701	"Malaysia"	458	" 75"	0.111372338	0.108063478	0.105303756	0.102943942	0.1007413	0.098611858	0.096518108	0.094365452	0.092364927	0.090403958	0.088386132	0.086503423	0.07867216	0.073434843	0.068902003	0.064879554	0.061191264	0.057852815	0.054792769	0.052056672	0.049485199	0.047095805	0.044711031	0.042530703	0.040629698	0.038640279	0.036826574	0.035173865	0.033519203	0.031962622
2702	"Malaysia"	458	" 80"	0.165248541	0.162926422	0.160910908	0.159023117	0.157335989	0.155745821	0.154182533	0.152504179	0.151031655	0.149592008	0.148028967	0.146671709	0.1352803	0.127490235	0.120618983	0.114406978	0.10867671	0.103405406	0.09851448	0.09410219	0.089925228	0.08601115	0.082046454	0.078409158	0.074942214	0.07186368	0.068776164	0.065938851	0.063105598	0.060419117
2703	"Malaysia"	458	" 85"	0.237525045	0.237448555	0.237242788	0.236667274	0.236376927	0.236245005	0.236156499	0.235903498	0.235959587	0.236068159	0.23598571	0.236248149	0.221253073	0.2107387	0.201262227	0.1925102	0.184377375	0.176754256	0.169578503	0.163034347	0.156789838	0.150876945	0.144769901	0.13914434	0.133268876	0.128912594	0.124012513	0.119462281	0.114925942	0.110582196
2704	"Malaysia"	458	" 90"	0.328273134	0.331751482	0.334475822	0.336107202	0.33815578	0.340459759	0.342852176	0.345034641	0.347683751	0.350432924	0.352919059	0.355960159	0.338575584	0.326054792	0.314502331	0.303580336	0.293351489	0.283562634	0.274198953	0.265554213	0.257247173	0.249285943	0.240847686	0.23304831	0.22410291	0.218692595	0.211686791	0.205100413	0.198539054	0.192182496
2705	"Malaysia"	458	" 95"	0.433649286	0.441487098	0.44781814	0.452185743	0.457125231	0.462410755	0.467826463	0.472951549	0.478717313	0.484619243	0.490140096	0.496439366	0.479114675	0.466279725	0.454136781	0.44236322	0.43125424	0.420382551	0.409802731	0.399907199	0.390367499	0.381104517	0.370928927	0.361522352	0.349647823	0.344012792	0.33527347	0.326944632	0.318652612	0.310515024
2706	"Malaysia"	458	"100+"	0.551087517	0.562801197	0.57229321	0.579018697	0.586426931	0.594187007	0.602056476	0.609468263	0.617628714	0.625884498	0.633549713	0.642118707	0.627975631	0.617205581	0.606757868	0.596366165	0.586518236	0.576661708	0.566910852	0.557683164	0.54886177	0.540191117	0.530137086	0.520936919	0.508102185	0.503735597	0.494931051	0.486433713	0.478006738	0.469640283
3147	"Netherlands"	528	"  0"	0.026391241	0.020853611	0.017937071	0.015229144	0.0125127	0.01057266	0.009391378	0.008364821	0.007056366	0.005852042	0.005387203	0.004771391	0.004458703	0.004226823	0.004005118	0.00382379	0.003642522	0.003471381	0.003300294	0.00313932	0.002988451	0.002837624	0.00269689	0.002556194	0.00242558	0.002305041	0.00218453	0.002064046	0.001953626	0.001843229
3148	"Netherlands"	528	"  1"	0.001968457	0.001598476	0.001308049	0.001131656	0.000958374	0.000731744	0.000547348	0.000457576	0.000397939	0.000324152	0.000283221	0.000253115	0.000245995	0.000234124	0.000214724	0.000216694	0.000209371	0.000205819	0.000201767	0.000195458	0.000194174	0.000186365	0.000180819	0.000175776	0.000172492	0.000164195	0.000156402	0.000152121	0.000140072	0.000138804
3149	"Netherlands"	528	"  5"	0.00075638	0.000648088	0.000595291	0.000562174	0.000494598	0.000379315	0.000276985	0.00021939	0.000187525	0.000162664	0.000139816	9.74323e-05	9.35875e-05	9.72401e-05	0.000104074	9.56103e-05	9.37887e-05	8.87675e-05	8.41471e-05	8.13484e-05	7.65018e-05	7.28979e-05	6.73022e-05	6.34656e-05	5.82238e-05	5.56887e-05	5.20588e-05	4.8466e-05	4.92756e-05	4.44121e-05
3150	"Netherlands"	528	" 10"	0.000566561	0.000502547	0.000484055	0.000523093	0.000498143	0.00039945	0.000314904	0.000251442	0.000231644	0.000207555	0.000190561	0.000131951	0.000121616	0.000116124	0.000108111	0.00010214	9.60723e-05	9.10795e-05	8.61862e-05	8.08266e-05	7.64938e-05	7.11425e-05	6.69785e-05	6.24697e-05	5.7977e-05	5.57949e-05	5.1118e-05	4.87916e-05	4.50856e-05	4.12076e-05
3151	"Netherlands"	528	" 15"	0.000751772	0.000721225	0.000732966	0.000845745	0.000897031	0.000757256	0.000592719	0.000511406	0.000482681	0.000459286	0.000405272	0.000288594	0.000263707	0.000246472	0.000229429	0.000215576	0.000201798	0.000188571	0.000175747	0.000164695	0.000154831	0.000143604	0.000133557	0.000124697	0.000115486	0.000108625	0.000100593	9.33804e-05	8.63518e-05	8.04107e-05
3152	"Netherlands"	528	" 20"	0.001022969	0.000955706	0.000994364	0.00104207	0.001057745	0.000945903	0.000809129	0.000726753	0.000683849	0.000663852	0.00056876	0.000436993	0.000396823	0.000370035	0.000344438	0.000321672	0.000300471	0.000280865	0.000260417	0.000243988	0.000227383	0.00021196	0.000196361	0.000181952	0.000169542	0.000156964	0.000145744	0.000135343	0.000125135	0.000115778
3153	"Netherlands"	528	" 25"	0.001159307	0.001011838	0.001025184	0.000984996	0.000921518	0.000849724	0.000808947	0.000757113	0.000750548	0.000699221	0.00060626	0.000483853	0.000437213	0.000407003	0.000377422	0.000351701	0.000327385	0.000306012	0.000283638	0.000264884	0.000245971	0.000229421	0.000212696	0.00019562	0.000183088	0.000169032	0.000156149	0.000145635	0.00013358	0.000122376
3154	"Netherlands"	528	" 30"	0.001287691	0.001123952	0.001124071	0.00111236	0.001038308	0.000936489	0.000903455	0.000864034	0.000916523	0.000804421	0.0007172	0.000584781	0.000528695	0.000488666	0.000452027	0.00042107	0.000391626	0.000363297	0.000336588	0.00031346	0.000291171	0.000269704	0.000249427	0.000229986	0.000213559	0.000198153	0.000182563	0.000167986	0.000154421	0.000141684
3155	"Netherlands"	528	" 35"	0.001679066	0.001516782	0.00154064	0.001592386	0.001515913	0.001355356	0.001285372	0.001225799	0.001256943	0.001127024	0.001008433	0.000815482	0.000736964	0.000681092	0.000628096	0.000585	0.000543258	0.00050382	0.000466989	0.000433218	0.000402491	0.000372595	0.000343726	0.000318049	0.000293871	0.000272891	0.00025193	0.000230442	0.000212311	0.000194975
3156	"Netherlands"	528	" 40"	0.002557662	0.002395941	0.002470558	0.002594569	0.002536587	0.002342118	0.002076718	0.001973753	0.001911148	0.001793383	0.001621047	0.00127406	0.001149774	0.001064371	0.000982145	0.00091471	0.000851047	0.000790302	0.000733151	0.000680746	0.000633047	0.000587564	0.000542567	0.000501777	0.000464694	0.000431461	0.000398074	0.000366708	0.000338546	0.000310298
3157	"Netherlands"	528	" 45"	0.004217017	0.004054634	0.004278146	0.004465078	0.004440284	0.004189074	0.003664708	0.003354594	0.003100012	0.002946702	0.002706811	0.002210079	0.001996502	0.001846687	0.001707297	0.001589529	0.001480567	0.001374399	0.001275931	0.001185593	0.001104038	0.001024363	0.00094878	0.000877078	0.000813309	0.000755461	0.000698275	0.000645506	0.000594225	0.000547346
3158	"Netherlands"	528	" 50"	0.007021973	0.007008943	0.007450931	0.00775297	0.007721523	0.007148393	0.006535545	0.005973825	0.005235941	0.004838681	0.004493592	0.003690716	0.003346876	0.003104905	0.002878145	0.002684281	0.002505939	0.002331853	0.002169931	0.002020445	0.00188611	0.001754572	0.001630056	0.001510508	0.001403844	0.00130565	0.001211921	0.001121726	0.00103565	0.000957148
3159	"Netherlands"	528	" 55"	0.01119133	0.01173356	0.012595459	0.013185044	0.013112961	0.012152989	0.011297773	0.01047964	0.009253507	0.008196973	0.007390879	0.006067026	0.005518845	0.005132687	0.004768954	0.004455117	0.004163509	0.003881617	0.003615532	0.003372522	0.003151873	0.002937256	0.002733386	0.002536699	0.002359803	0.002198794	0.002042654	0.001893749	0.001750543	0.001620222
3160	"Netherlands"	528	" 60"	0.017546995	0.018498149	0.020369478	0.02152815	0.021717049	0.020590257	0.019143628	0.017904759	0.016175115	0.014434633	0.012320467	0.010215145	0.009317036	0.008682745	0.008085451	0.007563444	0.007078447	0.006610699	0.006166387	0.005762037	0.005390437	0.005030554	0.004690198	0.00436002	0.00406228	0.003791283	0.003528139	0.003275433	0.003033423	0.002811953
3161	"Netherlands"	528	" 65"	0.028034856	0.028619312	0.030874135	0.033442853	0.034497013	0.033800162	0.031797978	0.029979537	0.027391741	0.024933658	0.021210534	0.017279719	0.015862167	0.014866459	0.013924992	0.01308314	0.012304401	0.011551126	0.01083712	0.01018045	0.009569898	0.008977048	0.008416056	0.007873377	0.007374229	0.006916203	0.00647208	0.006042347	0.005634227	0.005249794
3162	"Netherlands"	528	" 70"	0.047274156	0.047418759	0.048814618	0.051761357	0.053384029	0.052599182	0.050575937	0.048492451	0.045430846	0.042081673	0.036772104	0.030475922	0.028128861	0.02649353	0.024948745	0.023528266	0.022219858	0.020961457	0.019774545	0.018665501	0.017620822	0.016609767	0.015654787	0.014733761	0.013865987	0.013064972	0.012286784	0.01153684	0.010826651	0.010140578
3163	"Netherlands"	528	" 75"	0.080071385	0.079689984	0.079281403	0.081112347	0.082681906	0.080885325	0.078969983	0.07714834	0.074328428	0.070334773	0.063326951	0.053717475	0.049790799	0.047077909	0.044524829	0.042095522	0.039873247	0.037750272	0.035766829	0.033879441	0.032069139	0.030334042	0.028706292	0.027142211	0.025636482	0.024231402	0.022876644	0.021576972	0.020351302	0.019140181
3164	"Netherlands"	528	" 80"	0.131858363	0.130340074	0.125793257	0.124559185	0.125587185	0.122116951	0.120946873	0.120233115	0.118898398	0.114838473	0.106491502	0.092606133	0.086309901	0.081991677	0.077940175	0.073937429	0.070298294	0.066841593	0.063644145	0.060536704	0.057495025	0.054606981	0.051915939	0.049339795	0.046798431	0.044397078	0.042099283	0.039905219	0.037845619	0.035757
3165	"Netherlands"	528	" 85"	0.208415254	0.204947528	0.193047193	0.185940377	0.185672827	0.179734937	0.180297975	0.181980289	0.184098023	0.181150913	0.172721843	0.154188432	0.144731259	0.138282618	0.132244988	0.126027821	0.120405046	0.115085337	0.110216512	0.1053659	0.10050737	0.095933974	0.09170004	0.087661369	0.083564228	0.079635584	0.075903717	0.072356599	0.069043375	0.065580291
3166	"Netherlands"	528	" 90"	0.31202489	0.305884953	0.283497601	0.267482935	0.265024949	0.255909033	0.259405042	0.264990916	0.272898665	0.272724142	0.26644956	0.244222362	0.231258096	0.222457462	0.214229375	0.205364657	0.197386119	0.189850007	0.183035331	0.17604397	0.16885741	0.162144603	0.155968053	0.150097015	0.143947752	0.1379493	0.132289825	0.126934115	0.121958615	0.116569271
3167	"Netherlands"	528	" 95"	0.43787946	0.428919241	0.394755651	0.36790222	0.362534704	0.349960773	0.357420332	0.368077767	0.383552738	0.387690644	0.386141791	0.362828099	0.34698781	0.33627688	0.326277413	0.314966119	0.304845892	0.295275818	0.286755292	0.277703817	0.268131111	0.259253684	0.251137194	0.24345391	0.235112832	0.226816606	0.219040718	0.211716607	0.204956993	0.197320204
3168	"Netherlands"	528	"100+"	0.57801044	0.567340229	0.524864248	0.488981256	0.480811458	0.465851503	0.477272926	0.492623977	0.515013105	0.523771805	0.528556291	0.508739508	0.492600574	0.481774792	0.471723564	0.459753133	0.449191939	0.439182	0.430513924	0.420909083	0.410455509	0.400877116	0.392224947	0.384118302	0.374970708	0.365702673	0.357124003	0.349133912	0.34186664	0.333225304
