"index"	"country"	"country_code"	"age"	"1950-1955"	"1955-1960"	"1960-1965"	"1965-1970"	"1970-1975"	"1975-1980"	"1980-1985"	"1985-1990"	"1990-1995"	"1995-2000"	"2000-2005"	"2005-2010"	"2010-2015"	"2015-2020"	"2020-2025"	"2025-2030"	"2030-2035"	"2035-2040"	"2040-2045"	"2045-2050"	"2050-2055"	"2055-2060"	"2060-2065"	"2065-2070"	"2070-2075"	"2075-2080"	"2080-2085"	"2085-2090"	"2090-2095"	"2095-2100"
1343	"Ecuador"	218	"  0"	0.139687443	0.128506572	0.117415777	0.104378172	0.091674085	0.078444298	0.064081178	0.05101774	0.039884284	0.029597524	0.021191236	0.018295064	0.016152003	0.014436642	0.012920424	0.011663205	0.010520718	0.009512682	0.008618111	0.007816209	0.007096471	0.006448473	0.00585176	0.005316271	0.004831743	0.004387965	0.00398484	0.003612213	0.003280084	0.002968269
1344	"Ecuador"	218	"  1"	0.020905891	0.01884469	0.016785537	0.014357794	0.011766004	0.00938749	0.006886984	0.004693906	0.003132927	0.001926678	0.001105539	0.00101074	0.000891172	0.000795418	0.000709066	0.00064245	0.000583182	0.000526411	0.000476142	0.000432579	0.000390135	0.000353834	0.000323396	0.00029352	0.000264197	0.000240447	0.000216981	0.000199067	0.000181678	0.000164305
1345	"Ecuador"	218	"  5"	0.007537393	0.006211015	0.004907073	0.004274709	0.003631056	0.00295324	0.002197607	0.001501166	0.001026676	0.000710475	0.000499647	0.000463122	0.000415986	0.000376705	0.000343964	0.000311821	0.000284277	0.000261112	0.000239998	0.000219622	0.000202712	0.000187067	0.000169629	0.000157092	0.000146302	0.000133914	0.000123298	0.00011259	0.000103449	9.29962e-05
1346	"Ecuador"	218	" 10"	0.003161766	0.002332385	0.001521601	0.001366509	0.001229831	0.001080993	0.000905116	0.000708914	0.000594443	0.000538729	0.000485791	0.000455592	0.00041744	0.000388062	0.000358491	0.000333998	0.000312165	0.000290869	0.000271761	0.000255459	0.000238659	0.000222458	0.000209059	0.000196127	0.000182446	0.000171755	0.000161303	0.000150095	0.000139358	0.000131294
1347	"Ecuador"	218	" 15"	0.003430209	0.002732987	0.002046883	0.001802616	0.001561327	0.001366468	0.001174554	0.00099975	0.000875306	0.000783308	0.000699362	0.000652466	0.00060534	0.000566125	0.000530147	0.000498044	0.000468976	0.000441938	0.00041744	0.000394229	0.000372033	0.000350433	0.0003333	0.000313959	0.000296439	0.000279483	0.000265201	0.000249046	0.000234644	0.000223008
1348	"Ecuador"	218	" 20"	0.004416733	0.003642058	0.002874692	0.002519364	0.00216997	0.001884055	0.00159669	0.001366446	0.001170954	0.000992423	0.00085375	0.000795579	0.000741532	0.000695199	0.000653274	0.000614839	0.000579438	0.000547234	0.000517699	0.000489321	0.000463322	0.000437423	0.000416518	0.000392985	0.000372551	0.000351501	0.000332957	0.000315243	0.000297745	0.000281827
1349	"Ecuador"	218	" 25"	0.005408894	0.004504914	0.003609731	0.003161982	0.002719556	0.002317313	0.00189759	0.001634269	0.001388793	0.001146619	0.000964933	0.000902559	0.00083992	0.000787401	0.000737365	0.000694762	0.000655006	0.000618277	0.000584125	0.000552411	0.000521526	0.000493241	0.000467408	0.000442732	0.000418185	0.000396058	0.000373408	0.000354252	0.00033404	0.000315305
1350	"Ecuador"	218	" 30"	0.006451926	0.005426733	0.004414139	0.003883848	0.003364105	0.002814434	0.002219439	0.001947633	0.00167038	0.001378288	0.001159035	0.001087626	0.001011478	0.000947105	0.000887812	0.000836599	0.000789435	0.000745129	0.000704552	0.000666086	0.000628463	0.000594127	0.000562998	0.000533596	0.000504223	0.000477295	0.00045121	0.00042689	0.000401519	0.000380542
1351	"Ecuador"	218	" 35"	0.007558081	0.00638903	0.005234851	0.004679477	0.004138957	0.003488548	0.002754147	0.002444243	0.002118864	0.001766983	0.001502169	0.001413638	0.001314814	0.001231857	0.001156	0.001088729	0.001026517	0.000968195	0.000916258	0.000865797	0.000817382	0.000773044	0.000732587	0.000692865	0.000655721	0.000619871	0.000585692	0.000554814	0.000522569	0.000494646
1352	"Ecuador"	218	" 40"	0.008926564	0.007525461	0.006144084	0.005631619	0.005137437	0.004429106	0.003583976	0.003193872	0.002796433	0.002371732	0.002046818	0.00193103	0.001795824	0.00168263	0.001578426	0.001487078	0.001401848	0.001322536	0.001250699	0.001182304	0.001116791	0.001056221	0.001000023	0.00094645	0.000894985	0.000846431	0.000798613	0.000757201	0.000713747	0.000674925
1353	"Ecuador"	218	" 45"	0.010797457	0.00907443	0.00737984	0.006936042	0.006517234	0.005736771	0.004749934	0.004252748	0.00375607	0.003232245	0.00282123	0.002668528	0.002481814	0.002325225	0.002180762	0.002055518	0.001937082	0.001827847	0.001728556	0.001634144	0.001544667	0.001459307	0.001383398	0.001309952	0.001236669	0.001170541	0.001105763	0.001047608	0.000987702	0.000934322
1354	"Ecuador"	218	" 50"	0.013410462	0.011394628	0.009412815	0.008981897	0.008588501	0.007705061	0.006551169	0.005906375	0.005215372	0.004460222	0.003877343	0.003677672	0.003419615	0.003202838	0.003002259	0.002827663	0.002663398	0.002511118	0.002374291	0.002243048	0.002120027	0.002001345	0.001897367	0.001795387	0.001694067	0.001604278	0.00151425	0.001433098	0.001351465	0.001278293
1355	"Ecuador"	218	" 55"	0.017792335	0.015479754	0.013205689	0.012668739	0.012189209	0.011076774	0.009614439	0.008696177	0.007624	0.006394394	0.005484415	0.005214465	0.004852305	0.004548189	0.004266578	0.004022247	0.003791367	0.00357762	0.003383298	0.003198851	0.003025459	0.002858702	0.002711391	0.002566096	0.002423657	0.002296693	0.00216967	0.002054255	0.001938704	0.001833975
1356	"Ecuador"	218	" 60"	0.026677205	0.023538557	0.020475437	0.019668653	0.018951489	0.017300558	0.015131507	0.013548876	0.011849066	0.009957162	0.008555461	0.008145797	0.007611878	0.007160035	0.006740883	0.006377208	0.006031088	0.005710861	0.005417658	0.005138102	0.004875049	0.004620498	0.004396224	0.004172538	0.003955491	0.003758244	0.00356331	0.003383894	0.00320423	0.003040529
1357	"Ecuador"	218	" 65"	0.043395969	0.038258951	0.033387559	0.032087841	0.030943206	0.028290967	0.02481301	0.021793985	0.019160975	0.016531717	0.014486147	0.013798286	0.01296409	0.012251786	0.011587966	0.011010206	0.010458204	0.009944127	0.009474477	0.009021924	0.008594267	0.008178429	0.007813699	0.007445854	0.007087436	0.006760712	0.006433505	0.006134808	0.005832837	0.005559196
1358	"Ecuador"	218	" 70"	0.069885999	0.061678276	0.053979494	0.051900593	0.050083872	0.045892861	0.04040431	0.034854348	0.030908582	0.027536369	0.024723685	0.023565346	0.022251618	0.021120591	0.020063681	0.019142171	0.018257749	0.017427644	0.016670839	0.015937181	0.01523954	0.014559298	0.013963814	0.01335611	0.012762888	0.012221359	0.011674893	0.011176797	0.01066749	0.010208167
1359	"Ecuador"	218	" 75"	0.110740342	0.098186706	0.086254392	0.082951279	0.080057364	0.073536766	0.064969104	0.055099549	0.049283509	0.045285531	0.041624056	0.039701903	0.037629831	0.035845732	0.034171736	0.032702711	0.031292712	0.029965187	0.028754404	0.027575493	0.02644935	0.025347779	0.024385179	0.023398211	0.022428886	0.021545325	0.02064757	0.019829393	0.018988086	0.018227665
1360	"Ecuador"	218	" 80"	0.170448771	0.152243913	0.134622428	0.129610154	0.125201066	0.115463379	0.102581681	0.085869106	0.077545516	0.073436163	0.069082611	0.065981571	0.062805175	0.060068745	0.057488702	0.055207557	0.053017258	0.050947437	0.049059002	0.047210362	0.045435184	0.04369181	0.042172554	0.04060557	0.039055535	0.037645636	0.036201198	0.034885614	0.033523591	0.032289983
1361	"Ecuador"	218	" 85"	0.252265264	0.227669217	0.203296523	0.196153518	0.189833693	0.176100224	0.157734791	0.131061864	0.119638782	0.116564365	0.112128736	0.107338752	0.102674807	0.098652281	0.094837464	0.091434981	0.088165324	0.085061667	0.082229664	0.079438241	0.076741209	0.074078652	0.071768741	0.069367194	0.0669708	0.064798041	0.062548707	0.060503076	0.058366706	0.056428654
1362	"Ecuador"	218	" 90"	0.355641528	0.325179745	0.294128559	0.284727237	0.276346412	0.258360238	0.233947604	0.194349606	0.179539132	0.179401451	0.176130995	0.169184582	0.162747091	0.157185397	0.151874644	0.147089834	0.142485913	0.138092456	0.134086043	0.130101364	0.126223704	0.122368653	0.119050156	0.115560984	0.112041035	0.108866319	0.105534157	0.102513571	0.09932184	0.096425252
1363	"Ecuador"	218	" 95"	0.474350012	0.440243557	0.404323498	0.393060913	0.38292823	0.361381641	0.331592414	0.27762624	0.259767013	0.264948355	0.264629014	0.255369877	0.247186048	0.240101929	0.233285762	0.227074878	0.221089952	0.215344525	0.210118809	0.204858879	0.199698656	0.194519353	0.190124211	0.185426075	0.180619923	0.176325452	0.171732015	0.167596766	0.163154834	0.159133883
1364	"Ecuador"	218	"100+"	0.601024046	0.567809417	0.531716189	0.520009206	0.509382559	0.487014663	0.455589322	0.392209412	0.373861736	0.386060523	0.390492025	0.380145896	0.37145922	0.363955777	0.35669945	0.350021772	0.343600911	0.337415824	0.331856634	0.326171553	0.320558458	0.314854791	0.310189057	0.305061775	0.29971954	0.295065285	0.289936025	0.285419545	0.280437066	0.27599894
1541	"Fiji"	242	"  0"	0.058218043	0.052158733	0.046723926	0.041863521	0.037506807	0.034481283	0.030290277	0.02660315	0.023371684	0.020538483	0.018037104	0.016615033	0.016172575	0.015206428	0.014364845	0.01334008	0.012235271	0.011295737	0.010530909	0.009858681	0.009268571	0.008750176	0.008283003	0.007856785	0.007461295	0.007106602	0.006782504	0.006488951	0.006195551	0.005932633
1542	"Fiji"	242	"  1"	0.021143016	0.016274534	0.012516483	0.009621289	0.007397383	0.005829717	0.004273301	0.00313536	0.002300429	0.001682856	0.001236729	0.001137828	0.001105649	0.001040541	0.000982832	0.000908015	0.000832547	0.000770339	0.000720559	0.000672447	0.000635346	0.00059429	0.000564183	0.000534634	0.000510434	0.000486779	0.000463411	0.000440325	0.00042255	0.000405051
1543	"Fiji"	242	"  5"	0.003354775	0.002804529	0.002353833	0.001979281	0.001663696	0.001397895	0.001145701	0.000939524	0.000769179	0.000634508	0.000522066	0.000479231	0.000466032	0.000436093	0.000408702	0.000379549	0.00034795	0.000317945	0.000294473	0.000274729	0.000256278	0.000244367	0.000229568	0.000216507	0.000205242	0.000192533	0.000184768	0.000177822	0.000167442	0.000160038
1544	"Fiji"	242	" 10"	0.001573186	0.001443183	0.001312176	0.001186177	0.001065008	0.000899191	0.000787426	0.000683787	0.000591013	0.000511267	0.000439398	0.000399659	0.000387311	0.000362101	0.00033689	0.000309679	0.000280648	0.000255942	0.000235598	0.000217468	0.000203813	0.000190223	0.000178921	0.000167291	0.000158412	0.000148425	0.000140465	0.000133475	0.000126357	0.000120065
1545	"Fiji"	242	" 15"	0.003606192	0.003119021	0.002698932	0.002340167	0.002030326	0.001658681	0.001403478	0.00118555	0.001002036	0.000846796	0.000715855	0.000648454	0.00062754	0.0005827	0.000543084	0.000496446	0.000446812	0.000406199	0.000372454	0.00034465	0.000319961	0.000297732	0.000279081	0.000261252	0.000246293	0.000231198	0.000218409	0.000206439	0.000195574	0.000185553
1546	"Fiji"	242	" 20"	0.005199599	0.004484673	0.00387222	0.003348815	0.002896224	0.002391308	0.002014257	0.001696252	0.001427491	0.001200582	0.001011322	0.000914418	0.000885318	0.000821932	0.000766771	0.000700237	0.000629722	0.000572596	0.000525336	0.00048448	0.000448123	0.000417599	0.000390455	0.000366664	0.000344096	0.000323748	0.000305822	0.000289895	0.000273441	0.000259194
1547	"Fiji"	242	" 25"	0.005575838	0.004863165	0.00424737	0.003714875	0.003249439	0.002761285	0.002357363	0.002013213	0.001717772	0.001465201	0.001252554	0.001133355	0.001096873	0.001018255	0.000949169	0.000867592	0.000781029	0.000709375	0.000651439	0.000600417	0.000556261	0.000518446	0.000485167	0.000454888	0.000426714	0.000401782	0.000379394	0.000359991	0.000339986	0.000322016
1548	"Fiji"	242	" 30"	0.005423196	0.004860581	0.004360916	0.003918232	0.003521428	0.003087544	0.002720989	0.002398686	0.002111945	0.001858816	0.001639278	0.001483563	0.001435748	0.001331471	0.001241985	0.001135132	0.001022654	0.000927282	0.000851518	0.000785863	0.0007286	0.000678356	0.000634875	0.000594046	0.000558893	0.000526468	0.000496392	0.000470317	0.000444861	0.000421288
1549	"Fiji"	242	" 35"	0.005592074	0.005167257	0.00478086	0.004429287	0.004102674	0.003713317	0.003392999	0.003102699	0.002833108	0.002586616	0.002365171	0.002139828	0.002071852	0.001921479	0.001793249	0.001638545	0.001475252	0.00133825	0.00122965	0.001133069	0.001051982	0.000979032	0.000916099	0.00085823	0.000805992	0.000758741	0.000716514	0.000678933	0.000641548	0.000607082
1550	"Fiji"	242	" 40"	0.006193881	0.005891421	0.005610691	0.005349696	0.00510119	0.004785708	0.004525673	0.004280137	0.004043501	0.003820255	0.00361384	0.003268951	0.003163698	0.002936632	0.002739193	0.002503026	0.002253135	0.002044781	0.001878815	0.001731152	0.001606389	0.001495588	0.001400574	0.001311935	0.001231835	0.00115945	0.001094639	0.001037693	0.000980349	0.000927969
1551	"Fiji"	242	" 45"	0.007773608	0.007531024	0.007305199	0.00709426	0.006891413	0.006654154	0.006428585	0.006210539	0.005992532	0.005783061	0.005587674	0.005054839	0.004891188	0.004541996	0.004236728	0.00387031	0.003485077	0.003163803	0.002906391	0.002678167	0.002485284	0.00231341	0.002165453	0.002030344	0.001905515	0.00179476	0.001694312	0.001605423	0.001516687	0.001436199
1552	"Fiji"	242	" 50"	0.010865077	0.010597166	0.0103488	0.010117959	0.009892287	0.009724335	0.009469087	0.009220211	0.008967249	0.008720068	0.008490458	0.007678571	0.007428635	0.006893488	0.006427813	0.005869542	0.005282373	0.00479322	0.004398806	0.004052052	0.003759531	0.003497544	0.003271132	0.003066246	0.002876131	0.00270884	0.002555874	0.002421804	0.002287611	0.002164691
1553	"Fiji"	242	" 55"	0.017068194	0.01656689	0.016100073	0.015665264	0.015242788	0.01502725	0.014551749	0.014089816	0.013628296	0.01317945	0.012761726	0.011553666	0.011181896	0.010383725	0.009688243	0.008856889	0.007978666	0.007246063	0.006656014	0.006138131	0.005698101	0.005304656	0.00496525	0.004655469	0.004371591	0.004118564	0.003888047	0.003685675	0.003485011	0.003299814
1554	"Fiji"	242	" 60"	0.029463115	0.028245967	0.027114887	0.026060956	0.025049997	0.024519385	0.02340304	0.022338422	0.021299383	0.020307042	0.019385316	0.017622584	0.017079147	0.015911464	0.014889556	0.013663513	0.012363631	0.011274348	0.010394456	0.009618453	0.00895779	0.008364938	0.007852168	0.007381237	0.006950309	0.006563272	0.006212043	0.005901001	0.005593797	0.005308705
1555	"Fiji"	242	" 65"	0.054473619	0.051111044	0.048052062	0.045484752	0.043068583	0.041601811	0.038950153	0.03646119	0.034110192	0.031921656	0.029910484	0.02733664	0.026542177	0.024832526	0.023327156	0.021515639	0.019592177	0.017966968	0.01664795	0.015480363	0.014480591	0.01358168	0.012799654	0.012079412	0.011416806	0.010819106	0.010274988	0.009793583	0.009313392	0.008866192
1556	"Fiji"	242	" 70"	0.102050811	0.095241975	0.088724256	0.082610615	0.076914467	0.072761985	0.066865776	0.061444515	0.056419396	0.051815741	0.047651472	0.043759752	0.042556916	0.039961664	0.037664013	0.03489761	0.031949055	0.029444128	0.027404122	0.025591073	0.024032113	0.022624668	0.021396629	0.020265409	0.019217482	0.018268878	0.017405089	0.016638803	0.015868641	0.015152079
1557	"Fiji"	242	" 75"	0.180756095	0.170288603	0.159316228	0.14643935	0.134437168	0.124991571	0.11338756	0.102891753	0.093178319	0.084330047	0.076429355	0.070483837	0.068636992	0.064631438	0.061080885	0.056781758	0.052173247	0.048245811	0.0450359	0.042167871	0.039699996	0.037464186	0.035515231	0.033713996	0.032038843	0.030521598	0.02913948	0.027909535	0.026672294	0.025519545
1558	"Fiji"	242	" 80"	0.297563996	0.283412079	0.267163503	0.244395308	0.222906488	0.205056786	0.184782436	0.166481769	0.149427533	0.133855693	0.120009657	0.111283446	0.108554925	0.102598748	0.097304587	0.090846777	0.083870477	0.077895114	0.072985951	0.068568636	0.064761241	0.061294987	0.058274483	0.055471025	0.052850529	0.050474039	0.04830755	0.046372173	0.0444221	0.042601654
1559	"Fiji"	242	" 85"	0.447354892	0.430974049	0.410410328	0.376917451	0.344479564	0.316124975	0.285120654	0.256789761	0.229912693	0.205056882	0.182817251	0.170711519	0.166894559	0.158496219	0.150997237	0.141763401	0.131686223	0.122990595	0.115794367	0.109258375	0.103608658	0.098429996	0.093915318	0.08970186	0.08573679	0.082132761	0.078843164	0.075890277	0.072906446	0.070113319
1560	"Fiji"	242	" 90"	0.608985096	0.593102579	0.571407054	0.530942395	0.49010967	0.452329125	0.411383748	0.37297969	0.33544826	0.299896289	0.267528788	0.251925141	0.24695596	0.235920321	0.22600411	0.213653252	0.200002714	0.188106231	0.178167019	0.16903004	0.161100381	0.153764436	0.147361726	0.141344206	0.135630799	0.130419429	0.125655067	0.121352531	0.116984903	0.112881089
1561	"Fiji"	242	" 95"	0.752603827	0.73972681	0.720898553	0.681245258	0.638928062	0.597055107	0.550968509	0.505959389	0.460052943	0.414982383	0.37275949	0.354361885	0.348436461	0.335139011	0.323097754	0.307901808	0.290857019	0.275822196	0.26311617	0.251258841	0.240921389	0.231242522	0.222783841	0.214766739	0.207066593	0.200009719	0.193548545	0.187671217	0.181663874	0.175992268
1562	"Fiji"	242	"100+"	0.858967527	0.849875215	0.836189875	0.804495695	0.768574174	0.730417734	0.687154067	0.642796748	0.595172575	0.546395733	0.499148299	0.480412722	0.474319645	0.4605184	0.447951203	0.431915437	0.413710751	0.397510415	0.383702297	0.370621669	0.359227193	0.34842588	0.339027777	0.330063175	0.321342602	0.313330748	0.306025092	0.299341056	0.292452601	0.285929954
2641	"Madagascar"	450	"  0"	0.197519781	0.179238092	0.16443765	0.150738372	0.136791624	0.124940452	0.112550657	0.111092782	0.09547855	0.075071722	0.056605414	0.042866564	0.03847184	0.032178654	0.027072424	0.023917892	0.021779261	0.020034335	0.018668775	0.017452434	0.01636907	0.015511528	0.014720838	0.014004957	0.013333936	0.01271991	0.012145339	0.01159684	0.011094747	0.010614482
2642	"Madagascar"	450	"  1"	0.041598113	0.037519655	0.034193253	0.031093065	0.027914334	0.025113792	0.021802069	0.02136913	0.017016253	0.012050885	0.008009101	0.005116961	0.00421457	0.002984776	0.002114534	0.00175876	0.001543838	0.001394998	0.001309778	0.001233192	0.001165658	0.001121512	0.001080582	0.001043368	0.001008295	0.000969005	0.000929806	0.000891953	0.000857233	0.00082384
2643	"Madagascar"	450	"  5"	0.015569365	0.013961999	0.012666908	0.011474757	0.01026612	0.009227573	0.00808819	0.007959507	0.006429968	0.004565229	0.003058437	0.001997965	0.001667515	0.001220585	0.000899435	0.000759604	0.000674298	0.000613514	0.000575639	0.000542209	0.000512713	0.000491082	0.000471262	0.000453439	0.000436816	0.000418945	0.000400916	0.000383799	0.000368199	0.000353413
2644	"Madagascar"	450	" 10"	0.006587471	0.006029446	0.005563576	0.005121325	0.004660007	0.004260291	0.003830925	0.003773785	0.003151942	0.002364434	0.0016803	0.001175039	0.001013929	0.000788496	0.000618247	0.000533855	0.000479763	0.000439261	0.000411839	0.000387357	0.00036558	0.000348991	0.000333676	0.000319796	0.000306769	0.000293564	0.000280693	0.000268375	0.000257094	0.000246296
2645	"Madagascar"	450	" 15"	0.007340713	0.006717287	0.006204292	0.005722819	0.005226018	0.004806311	0.004382709	0.004323791	0.0036817	0.002854086	0.002124672	0.001586509	0.00141204	0.001160717	0.000957285	0.000837551	0.000757206	0.000694162	0.000647801	0.000606414	0.000569565	0.000541125	0.00051487	0.000491074	0.000468744	0.000447442	0.000427172	0.000407775	0.000390009	0.000373006
2646	"Madagascar"	450	" 20"	0.008672914	0.0079622	0.007377683	0.006828866	0.006262576	0.005786609	0.00531394	0.005247942	0.0045252	0.003579334	0.00273516	0.002108328	0.00190211	0.001600079	0.001346984	0.001185969	0.001075998	0.000987985	0.000921163	0.000861516	0.000808364	0.000766889	0.000728601	0.000693903	0.000661342	0.00063082	0.000601983	0.000574393	0.000549123	0.000524938
2647	"Madagascar"	450	" 25"	0.01012797	0.009296592	0.008612973	0.007971565	0.007309968	0.00675104	0.006188404	0.006112513	0.005280638	0.004188081	0.003209061	0.002480037	0.002240382	0.001889576	0.001595889	0.001407853	0.001279259	0.00117574	0.001096418	0.001025618	0.000962486	0.000912777	0.000866891	0.000825311	0.00078629	0.000749847	0.000715469	0.000682579	0.000652456	0.000623625
2648	"Madagascar"	450	" 30"	0.011829346	0.010832841	0.01001381	0.009246065	0.008454512	0.007784822	0.007110184	0.007020827	0.006042339	0.004759191	0.00360971	0.00275325	0.00247522	0.002072893	0.001743515	0.001538987	0.001400068	0.001288088	0.001202099	0.001125355	0.001056849	0.001002197	0.000951749	0.000906036	0.000863141	0.000823035	0.000785189	0.000748981	0.00071582	0.000684081
2649	"Madagascar"	450	" 35"	0.013491087	0.012358437	0.011428157	0.010556476	0.009658215	0.008900503	0.008145991	0.008047181	0.006962434	0.005528038	0.004231911	0.003260567	0.002945872	0.002490409	0.002116853	0.001878862	0.001716316	0.001583094	0.001478202	0.001384594	0.00130087	0.001232526	0.001169441	0.001112281	0.001058647	0.001008934	0.000962198	0.000917483	0.000876536	0.000837346
2650	"Madagascar"	450	" 40"	0.014702335	0.013519753	0.012548828	0.011639358	0.010702546	0.009911947	0.009126799	0.009028209	0.007939153	0.006467733	0.00511138	0.004082405	0.003745399	0.003250165	0.002830638	0.002536552	0.002331764	0.002158439	0.002015597	0.001888145	0.00177389	0.001678	0.001589504	0.00150933	0.001434107	0.001365566	0.001301607	0.001240421	0.001184394	0.001130775
2651	"Madagascar"	450	" 45"	0.016104903	0.014886556	0.013886362	0.012949628	0.011984954	0.011171205	0.010369041	0.010272639	0.009200981	0.007718699	0.00632156	0.00524553	0.00488934	0.004356881	0.003889812	0.003524844	0.00326573	0.003037758	0.002840134	0.002663848	0.002505274	0.002366822	0.002239073	0.002123357	0.002014807	0.001917068	0.001826345	0.001739571	0.001660119	0.001584094
2652	"Madagascar"	450	" 50"	0.019558876	0.018148607	0.016991677	0.015908557	0.014794248	0.013854549	0.012928541	0.01282164	0.011628491	0.009952697	0.008350028	0.007103126	0.006688656	0.006061935	0.00549941	0.005019216	0.004673559	0.004360824	0.004080399	0.003830351	0.003604955	0.003403122	0.003216948	0.003048359	0.002890252	0.002748864	0.002618045	0.002492942	0.00237842	0.002268854
2653	"Madagascar"	450	" 55"	0.026611294	0.024710669	0.023154622	0.021700425	0.020203514	0.018934682	0.017678078	0.017538881	0.015983843	0.013787632	0.011676658	0.010030007	0.009484044	0.008655702	0.007906443	0.007231664	0.00674242	0.006293755	0.005885079	0.005520911	0.005192576	0.004896321	0.004623181	0.004375954	0.004144196	0.003938292	0.003748372	0.003566807	0.003400652	0.003241729
2654	"Madagascar"	450	" 60"	0.038693184	0.035989676	0.033783923	0.031728657	0.029616869	0.027834065	0.026095172	0.025903671	0.023763383	0.020726959	0.01779604	0.015505134	0.014744081	0.013579247	0.012507195	0.011483023	0.010735284	0.010038905	0.009393465	0.00881895	0.008300856	0.007828098	0.00739259	0.006998693	0.006629702	0.006302504	0.006001054	0.005713021	0.005449563	0.005197693
2655	"Madagascar"	450	" 65"	0.058695878	0.05472067	0.051499635	0.048506915	0.045447767	0.042895778	0.040474395	0.040204887	0.037194659	0.032908236	0.028752306	0.02550148	0.024415429	0.022731032	0.021138433	0.019515686	0.018322595	0.01719675	0.016135105	0.015186786	0.014333697	0.01355405	0.012837426	0.01218556	0.011576864	0.011037932	0.010541236	0.010067268	0.009633606	0.00921856
2656	"Madagascar"	450	" 70"	0.089680723	0.083851724	0.079178577	0.074859982	0.070447325	0.066766012	0.063409524	0.06303265	0.058855381	0.052891576	0.047093737	0.042552311	0.041029755	0.038620081	0.03626466	0.033676921	0.031766808	0.029931492	0.028167002	0.026594485	0.025186558	0.023881386	0.022690244	0.021605404	0.020597837	0.019702167	0.018875033	0.018088453	0.017370008	0.016683275
2657	"Madagascar"	450	" 75"	0.135484135	0.127283831	0.120746031	0.114743121	0.108577392	0.103386074	0.098867937	0.098356036	0.092735949	0.084659912	0.076814188	0.070662942	0.068603138	0.065247882	0.061833341	0.057721099	0.054679423	0.051683317	0.048743546	0.046156403	0.043846852	0.041641565	0.039644063	0.037845242	0.03618014	0.034684357	0.03330004	0.0319887	0.030796477	0.029663223
2658	"Madagascar"	450	" 80"	0.198956348	0.188015145	0.179330021	0.171403417	0.163210629	0.156239208	0.150488746	0.149830543	0.142696022	0.132389314	0.122443009	0.114691021	0.112114487	0.107759549	0.103100396	0.096845864	0.092204047	0.08750347	0.082786135	0.078681868	0.075025116	0.071420399	0.068176075	0.065285764	0.062617799	0.060192389	0.05794096	0.055815749	0.053892338	0.052074722
2659	"Madagascar"	450	" 85"	0.281715098	0.268063478	0.257263301	0.247464382	0.23726455	0.228482271	0.221680454	0.220892913	0.212505726	0.200354835	0.188829039	0.1800114	0.177137113	0.172026212	0.166195392	0.15727803	0.150628137	0.143683483	0.136537151	0.130380297	0.12489815	0.119304345	0.114293534	0.109873374	0.105801262	0.102048343	0.098550098	0.095257593	0.092290402	0.089503227
2660	"Madagascar"	450	" 90"	0.381925305	0.366198038	0.35379061	0.342603864	0.330872275	0.320642239	0.313297062	0.312435475	0.303486546	0.290538499	0.278690979	0.270006143	0.26729839	0.262089782	0.2556026	0.243954032	0.235216047	0.225777028	0.215792682	0.207260375	0.199657701	0.19160642	0.18441482	0.178126708	0.172339847	0.166922856	0.161845825	0.157077809	0.152797743	0.148802301
2661	"Madagascar"	450	" 95"	0.493342901	0.476796018	0.463777511	0.452124456	0.439812891	0.428933971	0.421821477	0.42097446	0.41249338	0.40031266	0.389933431	0.383014325	0.381083393	0.376748364	0.370568369	0.356913246	0.346605059	0.33505553	0.322471416	0.311791267	0.302259685	0.291758451	0.282390284	0.274265044	0.2667911	0.259673141	0.252958107	0.246662393	0.241032854	0.235813434
2662	"Madagascar"	450	"100+"	0.609912589	0.594522914	0.582483349	0.571827336	0.560513453	0.55039811	0.54456924	0.543862165	0.537191319	0.527789946	0.520956788	0.517491258	0.516905896	0.514519705	0.510021232	0.496539568	0.486330024	0.474448947	0.461117565	0.449917979	0.439936781	0.428484314	0.418306108	0.409582419	0.401588048	0.393845708	0.386507615	0.379661251	0.373586467	0.368019764
2685	"Malaysia"	458	"  0"	0.096963264	0.079301653	0.06336306	0.049459046	0.038609794	0.030143276	0.023538101	0.018367312	0.014344332	0.011193703	0.008740017	0.006823006	0.006023629	0.005437469	0.004942744	0.00450896	0.004135978	0.003813602	0.003521613	0.003259962	0.00301855	0.002807402	0.002606385	0.002425534	0.002264828	0.00210417	0.001963634	0.001843203	0.0017228	0.001602423
2686	"Malaysia"	458	"  1"	0.008230128	0.0067405	0.005386531	0.00420867	0.003284065	0.002563399	0.001994918	0.001559111	0.001212273	0.000947205	0.000741537	0.000575472	0.000507176	0.000461525	0.000416983	0.000383084	0.000349745	0.000321981	0.000294751	0.000272571	0.000255682	0.000234042	0.000222451	0.000206104	0.000189769	0.000178705	0.000167649	0.00015685	0.000141042	0.000135262
2687	"Malaysia"	458	"  5"	0.002533255	0.002095821	0.00170456	0.001360207	0.001087416	0.000873618	0.000703657	0.000564353	0.000453463	0.000364834	0.000292841	0.000237027	0.000207802	0.000185804	0.000169924	0.000152589	0.000140838	0.000128641	0.00011921	0.000110762	0.000102074	9.50115e-05	8.60819e-05	7.99798e-05	7.4906e-05	6.85759e-05	6.54125e-05	5.97167e-05	5.83622e-05	5.28201e-05
2688	"Malaysia"	458	" 10"	0.001554274	0.001364215	0.001177462	0.000993891	0.000837594	0.000704802	0.000592555	0.000496466	0.000416268	0.000349821	0.000291714	0.000245232	0.000213131	0.000190483	0.000171516	0.000154946	0.000141576	0.000129588	0.000117946	0.000108894	0.000100392	9.28958e-05	8.524e-05	7.87422e-05	7.33943e-05	6.73758e-05	6.27142e-05	5.92103e-05	5.43733e-05	5.05342e-05
2689	"Malaysia"	458	" 15"	0.002803835	0.002370141	0.001970127	0.001602767	0.001305939	0.001063693	0.00086789	0.000707085	0.000577686	0.00047105	0.000384247	0.000314717	0.000272571	0.000242411	0.000218607	0.000196941	0.000178456	0.000164057	0.000148486	0.000135667	0.000124655	0.000115808	0.000106977	9.77954e-05	8.98204e-05	8.37678e-05	7.6583e-05	7.17534e-05	6.55667e-05	6.1735e-05
2690	"Malaysia"	458	" 20"	0.003959407	0.003301742	0.002702245	0.002160038	0.001728738	0.001381819	0.001106936	0.000883307	0.000708459	0.000566504	0.000451744	0.000361394	0.000313152	0.00027892	0.000250488	0.000226628	0.000204464	0.000187309	0.000170235	0.00015584	0.000143006	0.000132353	0.000121525	0.00011152	0.000103147	9.6047e-05	8.82386e-05	8.10537e-05	7.54094e-05	7.05798e-05
2691	"Malaysia"	458	" 25"	0.004338334	0.003648189	0.003013955	0.002433543	0.001969793	0.001590777	0.00128794	0.001039971	0.000842868	0.000682173	0.000550678	0.000445242	0.000387727	0.000345157	0.000309412	0.000280379	0.000252416	0.000230894	0.00021005	0.000193259	0.000177947	0.000163291	0.000149627	0.000139325	0.00012781	0.00011901	0.000109173	0.000101532	9.38754e-05	8.70493e-05
2692	"Malaysia"	458	" 30"	0.004687066	0.004021315	0.003397197	0.002812171	0.002333244	0.001931873	0.001603123	0.001326548	0.001101903	0.000913035	0.000757439	0.000628197	0.000545561	0.000486273	0.000435841	0.000393866	0.000355931	0.000324819	0.000295711	0.000272272	0.000249939	0.000229246	0.000210927	0.000195414	0.000180193	0.000166077	0.000153586	0.000142925	0.000131083	0.000121245
2693	"Malaysia"	458	" 35"	0.005682496	0.004942361	0.004241377	0.003571847	0.003012735	0.002537017	0.002141885	0.001801899	0.001522095	0.001283354	0.001080771	0.000911521	0.000790578	0.000705112	0.000631008	0.000571223	0.000517604	0.000470753	0.000429897	0.000395063	0.000361635	0.000333767	0.000306368	0.000282983	0.000262454	0.000241079	0.000222728	0.000207014	0.000190511	0.000176996
2694	"Malaysia"	458	" 40"	0.007486314	0.006560908	0.00567762	0.004825495	0.004106644	0.003490349	0.002974081	0.002524725	0.002149994	0.001829984	0.001554886	0.001323028	0.001148198	0.001023014	0.000916146	0.000829614	0.000750337	0.000684231	0.000624758	0.000572598	0.000525931	0.000483933	0.000444798	0.000410527	0.000379859	0.000350518	0.000322594	0.000301052	0.000276988	0.000257106
2695	"Malaysia"	458	" 45"	0.01037124	0.009186949	0.008044724	0.006928789	0.005975829	0.005145904	0.004443527	0.00382164	0.003298332	0.00284371	0.002448587	0.002111122	0.001831694	0.001631875	0.001461625	0.001323308	0.001195704	0.001092832	0.000995055	0.000912898	0.000838824	0.000771148	0.00070937	0.000653953	0.000605935	0.0005584	0.000515256	0.000478786	0.000442171	0.000409401
2696	"Malaysia"	458	" 50"	0.014710006	0.013259286	0.011841308	0.010422899	0.009186292	0.008085468	0.007136531	0.006275153	0.00553789	0.004880557	0.004296986	0.003787108	0.003287561	0.002930361	0.002624832	0.002374555	0.002147676	0.001961453	0.001786898	0.001640816	0.001507486	0.001386346	0.001274656	0.001175448	0.001088579	0.001003674	0.000927211	0.000860167	0.000796168	0.000736693
2697	"Malaysia"	458	" 55"	0.021273138	0.019527327	0.017795707	0.016017537	0.014434772	0.012993072	0.011723146	0.010538451	0.009508627	0.008568146	0.00771109	0.006947957	0.006022119	0.005360306	0.004797518	0.004332866	0.003915617	0.00357039	0.00325201	0.002983211	0.002736706	0.002514616	0.002310316	0.002128614	0.001967964	0.001813263	0.001674359	0.001551498	0.001434554	0.001326431
2698	"Malaysia"	458	" 60"	0.031220862	0.029107303	0.026990426	0.024766444	0.022757228	0.020884903	0.019214936	0.017614039	0.016208374	0.014897814	0.013674711	0.012569551	0.010923416	0.009745508	0.008740059	0.007910751	0.007161376	0.006540863	0.005966598	0.005482379	0.005036491	0.004635949	0.004266118	0.003934886	0.003644011	0.003362326	0.00310771	0.002883875	0.002670761	0.002472218
2699	"Malaysia"	458	" 65"	0.046570282	0.043755385	0.040908281	0.037863036	0.035076108	0.032438722	0.030064963	0.027747164	0.025695146	0.023760241	0.022009345	0.020266578	0.017780407	0.015884673	0.01441494	0.01304262	0.011920652	0.010934578	0.010041741	0.009260908	0.00858287	0.007929355	0.007343654	0.006844343	0.006353119	0.005896747	0.005508438	0.005169461	0.004770872	0.00446684
2700	"Malaysia"	458	" 70"	0.071154742	0.0677691	0.064331721	0.060553378	0.057052408	0.053663667	0.050586403	0.047485641	0.044723322	0.042063469	0.03968414	0.037111758	0.032949583	0.029623492	0.027190507	0.024702868	0.022796239	0.02103913	0.019465481	0.018048105	0.016872527	0.015667066	0.014608721	0.013748413	0.012811385	0.011968488	0.011288683	0.010697192	0.0098749	0.009339719
2701	"Malaysia"	458	" 75"	0.10870129	0.105336022	0.101974338	0.098129735	0.094554445	0.090998692	0.087791036	0.084383782	0.081399573	0.078426847	0.075483046	0.072689327	0.065094497	0.05936154	0.054557035	0.050252039	0.046481706	0.043214542	0.040149871	0.037475957	0.035105481	0.032794783	0.030696691	0.028890964	0.027110571	0.025418593	0.023979335	0.022711418	0.021192548	0.020038629
2702	"Malaysia"	458	" 80"	0.162120067	0.159632401	0.157361454	0.154546935	0.152028206	0.149430573	0.14727053	0.144672561	0.142661218	0.140533964	0.137803124	0.136292534	0.123511805	0.114441033	0.105619887	0.098763262	0.09176952	0.086081143	0.080447389	0.075696428	0.071161135	0.066961201	0.062998246	0.059377071	0.056160624	0.052901446	0.049971286	0.047353684	0.04469296	0.042288449
2703	"Malaysia"	458	" 85"	0.234183449	0.233800942	0.234094943	0.23395587	0.234230614	0.234374463	0.235166317	0.235262795	0.236270561	0.237049816	0.236115385	0.238579578	0.219572709	0.20697475	0.19256131	0.182979312	0.17131819	0.162441763	0.153058938	0.145439619	0.137534204	0.130576332	0.12371478	0.117033722	0.111715966	0.105897794	0.100357199	0.095323295	0.091064218	0.086373435
2704	"Malaysia"	458	" 90"	0.325113016	0.328128653	0.332542221	0.336817542	0.341723525	0.34649557	0.352256508	0.357040263	0.363232242	0.369099316	0.371779299	0.380912577	0.356846731	0.342124636	0.322009996	0.310853849	0.294112048	0.28228189	0.268744144	0.258252818	0.246288977	0.236279669	0.225908787	0.215111515	0.207472474	0.198291378	0.189024946	0.18042987	0.174530191	0.166363287
2705	"Malaysia"	458	" 95"	0.431121553	0.43833876	0.44780678	0.457469476	0.467974894	0.478281018	0.48992341	0.500160512	0.512323285	0.523954326	0.530944012	0.547081657	0.521938906	0.508014641	0.484785945	0.474556764	0.45449142	0.441583233	0.425211831	0.413346283	0.398224165	0.386221941	0.373097021	0.35844965	0.349393169	0.337117759	0.32403397	0.311606394	0.304953629	0.292882444
2706	"Malaysia"	458	"100+"	0.549617272	0.560568447	0.574429408	0.588570976	0.603564031	0.6180629	0.634020119	0.647878703	0.663924683	0.678984633	0.688591352	0.707901427	0.687214194	0.677219267	0.656156604	0.649640366	0.630575365	0.619950856	0.604265013	0.594152537	0.57924098	0.568107873	0.555200269	0.539722873	0.531739959	0.518841745	0.504503542	0.490559873	0.485220631	0.471442295
3147	"Netherlands"	528	"  0"	0.020403868	0.016141717	0.013708797	0.011520274	0.009563551	0.008019116	0.007258586	0.006377644	0.005316271	0.004740942	0.004337559	0.004075518	0.003894178	0.003733038	0.003571945	0.003410899	0.00323984	0.00308895	0.002938103	0.002797349	0.002656632	0.002515952	0.002395398	0.002274871	0.00215437	0.002043936	0.001933524	0.001833169	0.001732832	0.001632515
3148	"Netherlands"	528	"  1"	0.001644826	0.001258418	0.000963854	0.000869535	0.000714795	0.000587031	0.000447479	0.000373469	0.000313657	0.000253359	0.00022485	0.000232832	0.000256913	0.000260138	0.000259844	0.000247495	0.000239668	0.000241389	0.000237587	0.000235294	0.000229238	0.000227198	0.000219896	0.000209836	0.00020354	0.000199255	0.00018795	0.000179157	0.000174377	0.000165838
3149	"Netherlands"	528	"  5"	0.000513247	0.000421677	0.00037707	0.00034254	0.000301611	0.000262944	0.000195106	0.000155865	0.000144497	0.000113111	9.8143e-05	7.959e-05	6.36656e-05	6.14448e-05	6.38524e-05	7.18927e-05	7.23286e-05	6.60825e-05	6.63023e-05	6.00935e-05	5.6933e-05	5.25374e-05	5.13723e-05	4.95673e-05	4.75978e-05	4.08092e-05	4.08522e-05	3.88803e-05	3.56768e-05	3.24873e-05
3150	"Netherlands"	528	" 10"	0.000357695	0.000303089	0.000280247	0.000296381	0.000286987	0.000236882	0.000187377	0.000168181	0.000171331	0.000136258	0.000124379	0.000103232	9.64042e-05	9.03778e-05	8.57118e-05	8.08619e-05	7.51721e-05	6.91779e-05	6.54889e-05	6.18397e-05	5.70871e-05	5.31922e-05	5.05184e-05	4.53998e-05	4.27407e-05	4.00045e-05	3.71696e-05	3.44304e-05	3.25419e-05	2.85111e-05
3151	"Netherlands"	528	" 15"	0.000435074	0.000360456	0.000314683	0.000368743	0.000375582	0.000316659	0.000269538	0.000249419	0.000240584	0.000216343	0.000201871	0.000154537	0.000144514	0.000136301	0.000128272	0.000121427	0.000112214	0.00010537	9.81669e-05	9.21404e-05	8.5015e-05	8.00788e-05	7.50655e-05	6.88972e-05	6.37216e-05	5.99319e-05	5.59448e-05	5.06626e-05	4.75557e-05	4.36677e-05
3152	"Netherlands"	528	" 20"	0.00057042	0.000451703	0.000389	0.000423846	0.00041358	0.00037923	0.000336207	0.000317293	0.000293562	0.000286602	0.000258157	0.00020233	0.000189437	0.0001811	0.000170234	0.000160362	0.000149674	0.000140987	0.000132133	0.000124271	0.00011509	0.000108111	0.000101284	9.42213e-05	8.84076e-05	8.10364e-05	7.62388e-05	7.00965e-05	6.61261e-05	6.10085e-05
3153	"Netherlands"	528	" 25"	0.000748637	0.000585468	0.000503398	0.000501318	0.00046995	0.000448098	0.000402291	0.000391166	0.000378026	0.000353394	0.000314767	0.000263779	0.000247893	0.000234669	0.000220293	0.00020691	0.000192703	0.000180155	0.000168793	0.00015844	0.000147911	0.000138047	0.000128385	0.000119413	0.000111942	0.000102874	9.60659e-05	8.92155e-05	8.33947e-05	7.7594e-05
3154	"Netherlands"	528	" 30"	0.001042882	0.000821725	0.000712453	0.000695547	0.000663703	0.000617829	0.000554122	0.000553132	0.000551433	0.000491489	0.00045064	0.000391082	0.000364766	0.000341796	0.000319838	0.00029907	0.000276116	0.000257017	0.000238938	0.000221685	0.000205187	0.000190751	0.000176222	0.000163464	0.000150972	0.00013931	0.000129846	0.000120088	0.000110023	0.000101364
3155	"Netherlands"	528	" 35"	0.001466934	0.001217794	0.001073588	0.001075494	0.001013097	0.000909588	0.000828434	0.000816238	0.000842505	0.000810981	0.000722065	0.000619817	0.000572548	0.00053385	0.000498184	0.000462332	0.000424498	0.000393543	0.000363075	0.00033463	0.000307632	0.000283542	0.000261868	0.000241397	0.000221433	0.000203127	0.0001882	0.000172489	0.000158034	0.000143116
3156	"Netherlands"	528	" 40"	0.002110459	0.001874549	0.001688204	0.001725028	0.001661663	0.001501348	0.001343516	0.001303137	0.001346018	0.001375075	0.001282177	0.001065189	0.000978806	0.000908898	0.000843685	0.000778694	0.000711525	0.000654918	0.000602188	0.000552319	0.000505858	0.000464176	0.0004268	0.000391629	0.000358196	0.000325759	0.000299038	0.00027364	0.000249359	0.00022718
3157	"Netherlands"	528	" 45"	0.003263688	0.002865922	0.002673738	0.002710462	0.002699057	0.002480072	0.002228831	0.00212878	0.00211766	0.002170538	0.002188377	0.001830642	0.00167796	0.001553798	0.001438796	0.001322504	0.0012056	0.001106404	0.001015306	0.000928936	0.000847391	0.000775132	0.000711621	0.000649518	0.000593033	0.000538232	0.00049272	0.000449903	0.00040812	0.000370854
3158	"Netherlands"	528	" 50"	0.005122599	0.004361195	0.00410087	0.004131024	0.004072874	0.003742554	0.003518447	0.003383665	0.003232458	0.003261832	0.003307151	0.002885637	0.002643329	0.002447222	0.002264286	0.002081325	0.001897206	0.001740465	0.001595941	0.001460424	0.001332409	0.001217314	0.001118196	0.001019039	0.000931093	0.000844541	0.000772517	0.00070535	0.000640541	0.000579841
3159	"Netherlands"	528	" 55"	0.008040781	0.006955549	0.006385735	0.006348913	0.006035916	0.005584078	0.005333263	0.005265868	0.005063337	0.004899818	0.004808719	0.004295891	0.003936244	0.003644974	0.003372418	0.003102785	0.002826368	0.002594892	0.00237989	0.00217929	0.001988361	0.001818066	0.00166931	0.001523085	0.001390993	0.001263653	0.001154521	0.001055141	0.000958925	0.000868008
3160	"Netherlands"	528	" 60"	0.013391338	0.011770913	0.010713955	0.010396218	0.009614276	0.00876562	0.00824233	0.008094736	0.008043516	0.007705603	0.007185196	0.00630239	0.005801133	0.005394198	0.005011777	0.004631439	0.004239866	0.003911149	0.003603059	0.003314625	0.003038767	0.002792136	0.002575254	0.002360437	0.002165063	0.001978194	0.00181664	0.001665702	0.001521617	0.001385311
3161	"Netherlands"	528	" 65"	0.023621263	0.021157324	0.019198295	0.018140275	0.016720217	0.014634139	0.013296416	0.012691713	0.012446737	0.012103501	0.011126	0.009532309	0.008861957	0.008331513	0.007827844	0.007319123	0.006793724	0.006342118	0.005913039	0.00550851	0.005115456	0.004760721	0.004441353	0.0041211	0.003830871	0.003543444	0.003293961	0.003055647	0.002826323	0.002605695
3162	"Netherlands"	528	" 70"	0.0418963	0.03847087	0.034961715	0.032842734	0.030472005	0.026388965	0.023727609	0.022387394	0.021677591	0.021046421	0.019729011	0.017124182	0.016023263	0.015164395	0.01435148	0.013524585	0.012672049	0.011915231	0.011194643	0.010516215	0.009850589	0.009240754	0.008683553	0.008120041	0.007614188	0.007103886	0.006655152	0.00621887	0.005798181	0.005391057
3163	"Netherlands"	528	" 75"	0.072487802	0.068108611	0.062242749	0.058488943	0.054760832	0.047394059	0.042833989	0.040808857	0.039833999	0.038879693	0.036912519	0.032396269	0.030459794	0.028872555	0.027382478	0.025885717	0.024350925	0.022931833	0.021595568	0.020346435	0.019132232	0.018003151	0.0169552	0.015903369	0.014960629	0.01402413	0.013181352	0.012351726	0.011557426	0.010793382
3164	"Netherlands"	528	" 80"	0.121986165	0.117188522	0.107895848	0.101578968	0.096042417	0.083340965	0.075837427	0.072973019	0.071795283	0.070455159	0.067753285	0.060225286	0.056941395	0.054101247	0.051453652	0.048826267	0.046145545	0.04355519	0.041140637	0.038898168	0.036738181	0.034695551	0.032766575	0.030843659	0.029122474	0.0274404	0.025887306	0.024336551	0.022862434	0.021453507
3165	"Netherlands"	528	" 85"	0.196954734	0.193055892	0.179468631	0.169630904	0.162074842	0.141659073	0.130079283	0.126416195	0.12530482	0.123630479	0.120389819	0.108620511	0.103378889	0.098571628	0.09411333	0.089737787	0.085291325	0.080782722	0.076615209	0.072764802	0.069086216	0.065539267	0.062124082	0.058737028	0.05570803	0.052796816	0.050030802	0.047221742	0.044569384	0.042050419
3166	"Netherlands"	528	" 90"	0.300681352	0.299637626	0.281790451	0.267994295	0.258799196	0.229044721	0.212754744	0.208724207	0.208224693	0.206490325	0.203404281	0.186688439	0.179061691	0.171605755	0.164710429	0.158007889	0.151215671	0.143956097	0.137285337	0.131142566	0.125311183	0.119560445	0.113902022	0.108301618	0.103296096	0.098561545	0.093918818	0.089103956	0.084583216	0.080314968
3167	"Netherlands"	528	" 95"	0.428972055	0.432526352	0.411941482	0.394915137	0.38521712	0.346831627	0.326501223	0.322963058	0.323757549	0.32247409	0.320687104	0.299793599	0.290005142	0.279755555	0.270284182	0.261156158	0.25192524	0.241482274	0.231920083	0.223128498	0.214815666	0.206407002	0.19793918	0.189537291	0.182038782	0.175044913	0.167954376	0.16040445	0.153345325	0.14671495
3168	"Netherlands"	528	"100+"	0.573680537	0.58196165	0.562199407	0.544695599	0.536449926	0.49522087	0.474349043	0.472460392	0.474886604	0.474672846	0.47531355	0.454244826	0.444138412	0.432747236	0.422256695	0.412275687	0.402250153	0.390208961	0.37926089	0.369251674	0.359838862	0.350079527	0.340063474	0.330074483	0.321271076	0.313186369	0.304750495	0.295465999	0.286865719	0.278881292
