"index"	"country"	"country_code"	"age"	"1950-1955"	"1955-1960"	"1960-1965"	"1965-1970"	"1970-1975"	"1975-1980"	"1980-1985"	"1985-1990"	"1990-1995"	"1995-2000"	"2000-2005"	"2005-2010"	"2010-2015"	"2015-2020"	"2020-2025"	"2025-2030"	"2030-2035"	"2035-2040"	"2040-2045"	"2045-2050"
1343	"Ecuador"	218	"  0"	0.139687443	0.128506572	0.117415777	0.104355955	0.091662993	0.078444275	0.064081158	0.051017729	0.039884279	0.02959752	0.021191234	0.018295063	0.015206427	0.012133076	0.010092854	0.009075389	0.008059706	0.007045819	0.006033741	0.005023485
1344	"Ecuador"	218	"  1"	0.020991462	0.018913819	0.016839794	0.014411654	0.011793087	0.009399344	0.006886277	0.004690197	0.003128194	0.001926654	0.001105489	0.001010699	0.000928292	0.000863191	0.000805401	0.000742541	0.000683621	0.000636202	0.000596204	0.000559571
1345	"Ecuador"	218	"  5"	0.007325291	0.00599453	0.004687275	0.004077955	0.003493039	0.002853069	0.002129272	0.001454404	0.000988829	0.000678805	0.000479331	0.000444273	0.000413023	0.000386525	0.000357232	0.000327124	0.00030078	0.000276591	0.000253552	0.000234381
1346	"Ecuador"	218	" 10"	0.003235873	0.002414537	0.00161329	0.001443221	0.001274058	0.001107414	0.000919583	0.000712496	0.000597158	0.000545795	0.000492126	0.000457577	0.0004271	0.000402509	0.000373678	0.000341623	0.000313033	0.000287045	0.000264437	0.000244436
1347	"Ecuador"	218	" 15"	0.003562472	0.002869898	0.002186926	0.001917567	0.001651909	0.001440358	0.00123149	0.001050987	0.000916002	0.000813339	0.000719914	0.000669165	0.000624698	0.000586785	0.00054481	0.000497654	0.000456292	0.000418441	0.000386102	0.000356352
1348	"Ecuador"	218	" 20"	0.004425035	0.003639442	0.002863202	0.002514388	0.002172518	0.001888276	0.00160159	0.001364528	0.001166484	0.000991452	0.000853073	0.000794367	0.000742509	0.000699197	0.000650492	0.000595742	0.000547743	0.000505277	0.00046689	0.000433126
1349	"Ecuador"	218	" 25"	0.005403374	0.004499958	0.003605601	0.003155001	0.002711761	0.002314045	0.001904574	0.001637572	0.001386897	0.001142598	0.000959246	0.000894584	0.000838804	0.000792278	0.000740364	0.000681395	0.000628961	0.000582802	0.000540727	0.000505145
1350	"Ecuador"	218	" 30"	0.00646886	0.005439009	0.004421186	0.003890826	0.003369168	0.002813016	0.002209568	0.001942566	0.001665829	0.001378499	0.001160739	0.001086322	0.001021592	0.000966646	0.000906201	0.000837729	0.00077682	0.000722796	0.00067401	0.000632367
1351	"Ecuador"	218	" 35"	0.007549486	0.006387671	0.005238751	0.004681014	0.004137343	0.00348202	0.002743577	0.00243629	0.002108	0.001759148	0.001494194	0.001403676	0.00132303	0.001255056	0.00118029	0.001095201	0.001019631	0.000953932	0.000893013	0.000841109
1352	"Ecuador"	218	" 40"	0.008919064	0.007522368	0.006144485	0.005630419	0.005134767	0.004434798	0.003603259	0.003209774	0.002802935	0.002378518	0.002050438	0.001929016	0.001823708	0.001733177	0.001633459	0.001521102	0.001421447	0.00133411	0.001253397	0.001184546
1353	"Ecuador"	218	" 45"	0.010808583	0.009083189	0.007387066	0.006946793	0.006531156	0.005741401	0.004739953	0.004246878	0.003746649	0.003230856	0.002820676	0.002660649	0.002521075	0.002401462	0.002269082	0.002120642	0.001987823	0.001872058	0.001765634	0.001674724
1354	"Ecuador"	218	" 50"	0.01345639	0.011412579	0.009407165	0.008978825	0.008588382	0.007709149	0.00655869	0.00590498	0.005211893	0.004474401	0.003897299	0.003686739	0.003501639	0.00334448	0.003170054	0.002973271	0.002797514	0.002644418	0.00250276	0.002382665
1355	"Ecuador"	218	" 55"	0.017717988	0.015424162	0.013168808	0.012633771	0.012154816	0.01105031	0.009596309	0.008685148	0.007608944	0.006393123	0.005487013	0.005202612	0.004954707	0.00474469	0.004508646	0.004245264	0.004009263	0.003802583	0.003612963	0.003450762
1356	"Ecuador"	218	" 60"	0.026411075	0.023343482	0.020340611	0.019540839	0.018830214	0.017194484	0.015043291	0.013487427	0.011770332	0.009880698	0.008476242	0.008052468	0.007682718	0.007368851	0.00701984	0.006637054	0.006292388	0.005989772	0.005714072	0.005476573
1357	"Ecuador"	218	" 65"	0.043302548	0.038200674	0.03332045	0.032016116	0.030861505	0.028216616	0.024740815	0.021728449	0.019088237	0.016504836	0.014474154	0.013753947	0.013121146	0.012581032	0.012002893	0.011387048	0.010831949	0.010343157	0.009897205	0.00951175
1358	"Ecuador"	218	" 70"	0.070115288	0.061831481	0.054059112	0.051964061	0.050116933	0.045909351	0.040378615	0.034791825	0.030791566	0.027436317	0.024607928	0.023393656	0.022318935	0.021396381	0.020446059	0.019465536	0.018580857	0.017799456	0.017085566	0.016466293
1359	"Ecuador"	218	" 75"	0.111366425	0.09839329	0.086394935	0.083107699	0.080222432	0.073696054	0.06510384	0.055179831	0.049254584	0.045248218	0.041530736	0.039510472	0.037708327	0.036151827	0.034609015	0.033071824	0.031683507	0.030453126	0.029327528	0.028347233
1360	"Ecuador"	218	" 80"	0.171963356	0.152674861	0.134984462	0.130000165	0.125648412	0.115899549	0.103024808	0.086248705	0.077770363	0.073686037	0.069254047	0.065964553	0.063004646	0.060430606	0.057975085	0.055620554	0.053491681	0.051597745	0.049862691	0.048344802
1361	"Ecuador"	218	" 85"	0.255454685	0.228712012	0.204232519	0.197017392	0.190759217	0.176943056	0.158618579	0.131945471	0.120427582	0.117675694	0.113306375	0.108127638	0.103421533	0.099296324	0.095506588	0.092022896	0.088868739	0.086049987	0.083463877	0.081189539
1362	"Ecuador"	218	" 90"	0.361406465	0.327419241	0.296184887	0.28631715	0.277829726	0.259526652	0.235153743	0.195871632	0.181371701	0.182618231	0.180156279	0.172394479	0.165260687	0.15894904	0.153358806	0.148454313	0.14400588	0.140008896	0.136336129	0.133085843
1363	"Ecuador"	218	" 95"	0.483204619	0.444191767	0.408023683	0.395350741	0.384562888	0.36215383	0.332276887	0.279539708	0.263190559	0.272529456	0.275291848	0.26439238	0.254246612	0.245174133	0.237415545	0.230954146	0.225080011	0.219767272	0.21487843	0.210519023
1364	"Ecuador"	218	"100+"	0.787367622	0.736317283	0.694757057	0.67583383	0.658925491	0.631670073	0.599790604	0.55246218	0.543677794	0.564328256	0.579773055	0.567870372	0.557054616	0.547642639	0.540144644	0.534455417	0.529280569	0.524628031	0.520432086	0.516669405
1541	"Fiji"	242	"  0"	0.080589511	0.072844664	0.065454318	0.058419497	0.051636505	0.045208532	0.039133158	0.033407132	0.033806862	0.023504812	0.020561265	0.018866039	0.017574065	0.016434924	0.015390291	0.014084913	0.012640132	0.011334514	0.010209976	0.00923298
1542	"Fiji"	242	"  1"	0.009486719	0.008354734	0.007297502	0.006313518	0.005388264	0.004535505	0.003754086	0.003043341	0.003092065	0.001944776	0.001525759	0.001367198	0.001263271	0.001175172	0.001056018	0.000892368	0.000751277	0.000633343	0.000567281	0.000508543
1543	"Fiji"	242	"  5"	0.002779626	0.00234798	0.00195742	0.0016055	0.001291224	0.001014608	0.000773389	0.000571409	0.00057822	0.000602325	0.00049747	0.000431741	0.000376382	0.000333002	0.000295751	0.000250166	0.000214647	0.000184153	0.000163145	0.000145465
1544	"Fiji"	242	" 10"	0.001620753	0.001379944	0.001161898	0.000965393	0.000790042	0.000635804	0.00050167	0.000389669	0.000393328	0.000413132	0.000355388	0.000307263	0.000263968	0.000230528	0.000202256	0.000168659	0.00014648	0.000127985	0.00011442	0.000103034
1545	"Fiji"	242	" 15"	0.002976686	0.002510685	0.002090038	0.001712242	0.001376362	0.001082517	0.00082797	0.000616345	0.000623424	0.000650342	0.000541032	0.000466851	0.000402886	0.000353459	0.000311417	0.000261115	0.000232185	0.00020762	0.000188242	0.000171564
1546	"Fiji"	242	" 20"	0.00449253	0.003790161	0.003155855	0.002585842	0.002078731	0.001634946	0.001250154	0.000930063	0.000940778	0.000981286	0.000815918	0.000704209	0.000608014	0.000533584	0.000470223	0.000394735	0.000355666	0.000322498	0.000295821	0.000272775
1547	"Fiji"	242	" 25"	0.005486291	0.004663197	0.00391461	0.003236814	0.002629047	0.00209163	0.00162098	0.001225793	0.001238977	0.001295572	0.001090554	0.000946683	0.000822134	0.000724731	0.000641481	0.000542468	0.00049048	0.000446474	0.00041053	0.00037944
1548	"Fiji"	242	" 30"	0.006388699	0.005486226	0.004656786	0.003897289	0.003208097	0.002589289	0.002038869	0.001569974	0.001585572	0.001662454	0.001417509	0.001241271	0.001088659	0.000967318	0.000862873	0.000738201	0.000665334	0.000603688	0.000553578	0.000510288
1549	"Fiji"	242	" 35"	0.007544594	0.006583266	0.0056868	0.004852916	0.004083542	0.003377858	0.002735857	0.002177481	0.00219581	0.002313731	0.002019644	0.001792601	0.001594318	0.001432759	0.001292486	0.001124262	0.001007769	0.000909613	0.000830328	0.000762083
1550	"Fiji"	242	" 40"	0.009325126	0.008307952	0.007342368	0.006427029	0.005565998	0.004755639	0.003998354	0.003323826	0.003345215	0.003547726	0.003190335	0.002875781	0.002595546	0.002360788	0.002155387	0.001907964	0.001701671	0.001529205	0.001390214	0.0012712
1551	"Fiji"	242	" 45"	0.012374483	0.011227402	0.010121374	0.009055393	0.008035968	0.007055016	0.006117004	0.005264694	0.005290412	0.005639048	0.005186735	0.004733612	0.004322176	0.003969642	0.003659564	0.003284486	0.002925704	0.002627802	0.002386756	0.002181075
1552	"Fiji"	242	" 50"	0.017395593	0.015994817	0.01462864	0.013295739	0.012005777	0.010744349	0.009517427	0.008386982	0.008419242	0.009004412	0.008405805	0.007736904	0.007120361	0.006583611	0.006110054	0.005536022	0.004941925	0.00445133	0.00405045	0.003708924
1553	"Fiji"	242	" 55"	0.024848858	0.023083303	0.021344154	0.019629533	0.017953733	0.01629188	0.014651958	0.013123454	0.013164674	0.014111959	0.013305128	0.012328542	0.011420156	0.010618695	0.00990989	0.009049983	0.008117819	0.00735126	0.006716164	0.006175097
1554	"Fiji"	242	" 60"	0.036215397	0.033934062	0.031665455	0.029407103	0.027179957	0.024942894	0.0227067	0.020600727	0.020654078	0.02217776	0.021072051	0.019643033	0.018309788	0.017119731	0.016064957	0.014785433	0.013334219	0.012148557	0.011152737	0.010304994
1555	"Fiji"	242	" 65"	0.054505017	0.051491577	0.04845771	0.045400882	0.042351958	0.039244041	0.036090994	0.0330858	0.033156987	0.035645816	0.034078808	0.031894532	0.029859634	0.028025723	0.026396761	0.024425752	0.022081011	0.020188669	0.01858501	0.017225836
1556	"Fiji"	242	" 70"	0.081117228	0.077270771	0.073345763	0.069339259	0.065295267	0.061106047	0.056786943	0.052618889	0.05270834	0.056735754	0.054587311	0.051314851	0.048270141	0.045496381	0.043026495	0.040046022	0.036312244	0.033334277	0.030784871	0.02863293
1557	"Fiji"	242	" 75"	0.11881844	0.114127317	0.109269115	0.104239835	0.099100366	0.093681139	0.087994878	0.082437831	0.082539691	0.088962849	0.086152329	0.081393756	0.076970627	0.072891528	0.069248926	0.064865281	0.059054827	0.054470822	0.050499965	0.047159531
1558	"Fiji"	242	" 80"	0.170300185	0.164907773	0.159230932	0.153264179	0.147089933	0.140451524	0.133352256	0.12632977	0.126426327	0.136449523	0.13300802	0.126380521	0.120223593	0.114466426	0.109309072	0.103119596	0.094391333	0.087570179	0.081578382	0.076549331
1559	"Fiji"	242	" 85"	0.23728022	0.231524916	0.225352021	0.218755539	0.211846119	0.204256475	0.195973175	0.187694475	0.187750805	0.202913383	0.199066823	0.190366611	0.18228649	0.174614049	0.167720058	0.159471527	0.147020634	0.137364141	0.128740158	0.121507705
1560	"Fiji"	242	" 90"	0.31932407	0.313702523	0.307537408	0.300825875	0.293716657	0.285720134	0.276803274	0.267833219	0.267797028	0.289806613	0.286008005	0.275419424	0.265590722	0.256103581	0.247562316	0.237384026	0.220833842	0.208074264	0.19645788	0.186709094
1561	"Fiji"	242	" 95"	0.412892215	0.407919403	0.402307542	0.396063139	0.389385235	0.381671135	0.372874386	0.364027586	0.363839475	0.394214572	0.391051881	0.379273943	0.368357359	0.357643501	0.348004498	0.336588986	0.3164666	0.301032916	0.28667761	0.274609836
1562	"Fiji"	242	"100+"	0.683750697	0.68017589	0.675970044	0.671185912	0.665855537	0.659489902	0.652059942	0.644237582	0.644303985	0.657635646	0.654442918	0.642310391	0.631566371	0.621279997	0.61199007	0.601287133	0.582932781	0.569507664	0.557505444	0.547728588
2641	"Madagascar"	450	"  0"	0.197573259	0.179285463	0.164481758	0.150779362	0.136828383	0.124973185	0.112577146	0.111116925	0.095492899	0.083426757	0.073126158	0.063098746	0.054649598	0.047983248	0.04199669	0.036744062	0.032169175	0.028183598	0.024811481	0.022039732
2642	"Madagascar"	450	"  1"	0.042176311	0.038061004	0.034701084	0.031566428	0.028349512	0.025517214	0.02219167	0.021766651	0.017422126	0.014324114	0.01186305	0.009594693	0.007760842	0.006347374	0.005093962	0.004016153	0.003076296	0.00226247	0.001675807	0.001347578
2643	"Madagascar"	450	"  5"	0.016572792	0.014870752	0.013499852	0.012237403	0.010954763	0.009848965	0.008595757	0.00844473	0.006786852	0.005600112	0.004645282	0.003767189	0.003059625	0.002516988	0.002038261	0.001626131	0.001268563	0.000958851	0.000731815	0.000599868
2644	"Madagascar"	450	" 10"	0.006637299	0.006060057	0.005580759	0.005128306	0.00465741	0.004251229	0.003812333	0.003756907	0.003134999	0.002670757	0.002279562	0.001906501	0.001596807	0.001354242	0.001136963	0.000946749	0.000780481	0.000635117	0.000519723	0.000437328
2645	"Madagascar"	450	" 15"	0.007301368	0.00667259	0.0061565	0.005673841	0.005175773	0.004756849	0.004333995	0.00427868	0.003649632	0.003169121	0.002757776	0.002361516	0.002030223	0.001769898	0.001536465	0.001332208	0.001154102	0.000998692	0.000857392	0.00072668
2646	"Madagascar"	450	" 20"	0.008363149	0.007672376	0.007105445	0.006575228	0.006028008	0.005570526	0.005118827	0.00505952	0.004379065	0.003852391	0.003395737	0.002951924	0.002578089	0.00228298	0.002017661	0.001784643	0.001581479	0.001404113	0.001229195	0.001047696
2647	"Madagascar"	450	" 25"	0.009805874	0.008993665	0.0083273	0.00770443	0.007061885	0.006522078	0.005981098	0.005912567	0.005125353	0.004514766	0.00398423	0.003467727	0.003031864	0.002687351	0.00237737	0.002104644	0.001866731	0.001658799	0.001456552	0.001250404
2648	"Madagascar"	450	" 30"	0.011451062	0.010478074	0.009680365	0.008935022	0.008166549	0.007520326	0.006870983	0.006790222	0.005864063	0.005146337	0.004523317	0.003917152	0.003405771	0.003001592	0.002637939	0.002318013	0.002038887	0.001794896	0.001572753	0.001366704
2649	"Madagascar"	450	" 35"	0.01306073	0.011954044	0.011047478	0.010201013	0.009328827	0.008597533	0.007871193	0.007782032	0.006755896	0.005956069	0.005257698	0.004574979	0.003996815	0.003538601	0.003125529	0.002760904	0.002442542	0.002163807	0.001915137	0.001691698
2650	"Madagascar"	450	" 40"	0.014238427	0.013081778	0.012134588	0.011250682	0.010340274	0.009576838	0.008821368	0.008733067	0.007705015	0.006891483	0.006170304	0.005457441	0.004847922	0.004361639	0.003921356	0.003530168	0.003188307	0.002888276	0.002610463	0.002345791
2651	"Madagascar"	450	" 45"	0.015595185	0.014402946	0.013426855	0.012516222	0.011578288	0.010792487	0.010020969	0.009935786	0.008928853	0.008118671	0.00738738	0.006655596	0.006022868	0.005514008	0.005050851	0.004635914	0.00427189	0.003949945	0.003646462	0.003349467
2652	"Madagascar"	450	" 50"	0.018931834	0.017552477	0.016423883	0.015371594	0.014288705	0.013381885	0.012492105	0.012398832	0.011283065	0.010375616	0.009546109	0.008708957	0.007979518	0.007389596	0.006850669	0.006364773	0.005940884	0.005568997	0.005212241	0.004854124
2653	"Madagascar"	450	" 55"	0.025752124	0.023894904	0.022377987	0.020965897	0.019511921	0.018288313	0.017081678	0.016960987	0.015510241	0.014325869	0.013237708	0.012136117	0.011173639	0.010393725	0.009680392	0.009035598	0.00848104	0.008005585	0.007540685	0.007061749
2654	"Madagascar"	450	" 60"	0.038206043	0.035531086	0.033345642	0.031312747	0.029224331	0.027458222	0.02575428	0.025566289	0.0234526	0.021744275	0.020222701	0.018678508	0.017325722	0.016227082	0.015220309	0.014307134	0.013524082	0.012856731	0.012197518	0.011509779
2655	"Madagascar"	450	" 65"	0.059935488	0.055989382	0.05274422	0.049715699	0.046627777	0.044001233	0.041584411	0.041236612	0.03784487	0.035169784	0.032979	0.03074838	0.028786858	0.027189139	0.025720921	0.024384033	0.023231598	0.022243908	0.021254015	0.020204895
2656	"Madagascar"	450	" 70"	0.092645229	0.086996692	0.08231385	0.077924321	0.073483253	0.069679133	0.066371339	0.06575426	0.060424059	0.056317465	0.053260978	0.050141918	0.047391945	0.045148633	0.043084566	0.041200285	0.039568765	0.038163297	0.036730393	0.035183278
2657	"Madagascar"	450	" 75"	0.140162289	0.132418655	0.125934475	0.119820535	0.113684023	0.108382003	0.104078899	0.103035391	0.09491838	0.08880099	0.08472457	0.080562339	0.076890112	0.07389714	0.07114704	0.068635664	0.066454851	0.064568403	0.062604187	0.060434597
2658	"Madagascar"	450	" 80"	0.205843345	0.195836462	0.187354392	0.179295486	0.171275256	0.164271418	0.159057674	0.15739386	0.145580009	0.136856004	0.131755206	0.126559493	0.121988028	0.118281359	0.114896131	0.11181665	0.109142839	0.106825009	0.10434418	0.101522532
2659	"Madagascar"	450	" 85"	0.290896131	0.278913536	0.268607755	0.258723024	0.248980959	0.240361331	0.234628469	0.232160025	0.215980723	0.204256317	0.198412306	0.19250571	0.187355863	0.183235057	0.179528655	0.176197933	0.173324514	0.170838952	0.168070199	0.16479028
2660	"Madagascar"	450	" 90"	0.392534228	0.379461557	0.368022362	0.356923793	0.346118516	0.336401081	0.330869093	0.3275035	0.306955897	0.292333465	0.286388485	0.28048625	0.275449307	0.271536787	0.268139977	0.265181755	0.262683828	0.260549283	0.25799791	0.254771778
2661	"Madagascar"	450	" 95"	0.503155448	0.49036965	0.478946901	0.467708021	0.456948922	0.447065695	0.442616928	0.438438489	0.414507037	0.397789373	0.392642693	0.38772733	0.383733431	0.380844981	0.378562662	0.376756019	0.375343764	0.374196806	0.372529649	0.370100109
2662	"Madagascar"	450	"100+"	0.784835249	0.76920606	0.755408736	0.74200065	0.72976857	0.718446171	0.714307909	0.708706297	0.679705877	0.660785394	0.656299735	0.652229295	0.649120639	0.647050683	0.645582505	0.644632093	0.643923909	0.643396378	0.642517144	0.641241458
2685	"Malaysia"	458	"  0"	0.096872416	0.079466552	0.059535802	0.046324498	0.039028033	0.030705183	0.025081451	0.015011324	0.013184466	0.00949437	0.008602874	0.007915625	0.007414665	0.00699112	0.006613439	0.006179368	0.005892195	0.005627398	0.005374846	0.00514159
2686	"Malaysia"	458	"  1"	0.01421192	0.011232595	0.007947081	0.005859948	0.004747288	0.003523545	0.002730691	0.001409756	0.001120687	0.000826714	0.000721187	0.000594291	0.00054045	0.0005064	0.000443147	0.000396575	0.000382351	0.000368145	0.000352945	0.000338767
2687	"Malaysia"	458	"  5"	0.007262068	0.005588292	0.004340571	0.003129902	0.002018062	0.001455671	0.000867259	0.000702811	0.000519544	0.00036998	0.000299799	0.000246507	0.000210192	0.00018308	0.000160092	0.000140048	0.000126167	0.000114026	0.000102817	9.26284e-05
2688	"Malaysia"	458	" 10"	0.003468135	0.00279255	0.002282227	0.001744429	0.001212281	0.000938369	0.000625549	0.000533269	0.00041847	0.000313575	0.000256461	0.000209786	0.000178245	0.000154496	0.00013451	0.000117207	0.000105259	9.48769e-05	8.53518e-05	7.67509e-05
2689	"Malaysia"	458	" 15"	0.005304967	0.004326689	0.003511435	0.002670943	0.001854554	0.001440924	0.000936162	0.000771197	0.000581995	0.000431908	0.000358878	0.000298749	0.000257962	0.000228545	0.000203527	0.000181643	0.000165338	0.000151013	0.000137747	0.000125659
2690	"Malaysia"	458	" 20"	0.006667502	0.005558647	0.004532179	0.003466272	0.002426858	0.001901972	0.001245064	0.001005508	0.000739208	0.000546127	0.000464776	0.000401774	0.000357714	0.000323517	0.000294147	0.000268195	0.00024757	0.00022926	0.000212162	0.000196445
2691	"Malaysia"	458	" 25"	0.007631224	0.00639298	0.005238694	0.00402516	0.002833103	0.002230025	0.001475396	0.00120795	0.000899075	0.00067026	0.000577432	0.000506478	0.000456308	0.000416384	0.000381997	0.000351517	0.000326479	0.000304174	0.00028329	0.000264042
2692	"Malaysia"	458	" 30"	0.008630683	0.007241651	0.006005669	0.004679956	0.003356138	0.002687295	0.001845302	0.001570106	0.001221471	0.000938142	0.000809436	0.000705067	0.000631983	0.000573872	0.00052419	0.000480465	0.000444496	0.000412639	0.000382987	0.000355812
2693	"Malaysia"	458	" 35"	0.009733152	0.008205005	0.006923372	0.005504695	0.004052421	0.003320817	0.002399547	0.002097121	0.001680979	0.001331596	0.001159972	0.001009701	0.000904643	0.000820764	0.000749207	0.000686356	0.000634408	0.000588471	0.000545784	0.000506727
2694	"Malaysia"	458	" 40"	0.010896753	0.009314703	0.008071505	0.00662167	0.005076822	0.004308254	0.003301282	0.002976186	0.002469011	0.002042401	0.001809327	0.001578308	0.001416624	0.001286726	0.001175975	0.001078746	0.000997725	0.000926094	0.000859556	0.0007987
2695	"Malaysia"	458	" 45"	0.012942598	0.011262101	0.010018325	0.008474308	0.006750469	0.005910608	0.00474982	0.004398464	0.003754743	0.003221559	0.00289845	0.002541825	0.002291393	0.002088348	0.001915151	0.001763001	0.001634719	0.001521198	0.001415675	0.001319091
2696	"Malaysia"	458	" 50"	0.016872485	0.014898469	0.013494354	0.011660005	0.009534425	0.008523819	0.00707996	0.00668883	0.005832633	0.005131237	0.004665566	0.004120828	0.003737211	0.003421658	0.003152927	0.002917134	0.002714491	0.00253524	0.002368751	0.002216471
2697	"Malaysia"	458	" 55"	0.023859178	0.021349998	0.019650775	0.017307669	0.014487726	0.013191572	0.011258367	0.01083835	0.009643069	0.008636764	0.007884792	0.006986717	0.006356017	0.005830917	0.005386301	0.004998209	0.00465856	0.004359286	0.004082488	0.003830329
2698	"Malaysia"	458	" 60"	0.035554078	0.03215293	0.029976167	0.026808486	0.022855487	0.021103694	0.018366038	0.017932467	0.01628627	0.014775637	0.013580643	0.012077131	0.011022213	0.010132237	0.009381856	0.008729059	0.00814756	0.007636455	0.00716494	0.00673635
2699	"Malaysia"	458	" 65"	0.054308445	0.049490443	0.046556617	0.042079882	0.036319268	0.033841478	0.029817684	0.029381917	0.027283859	0.024861265	0.023027403	0.020539653	0.018799506	0.017308816	0.016059646	0.014977814	0.013994352	0.013132872	0.012340589	0.011622205
2700	"Malaysia"	458	" 70"	0.082089032	0.075401729	0.071588598	0.065407709	0.057164256	0.053756923	0.04796126	0.047703792	0.045275944	0.041462742	0.038717783	0.034668854	0.031841567	0.029378461	0.027325726	0.025555158	0.023910078	0.022473117	0.021155112	0.01996256
2701	"Malaysia"	458	" 75"	0.122207752	0.11317447	0.108464855	0.100191226	0.088675631	0.084164684	0.076038152	0.076348746	0.073998973	0.068169626	0.064211322	0.057795841	0.05331396	0.049334294	0.046032131	0.043192944	0.040491144	0.038135586	0.035979147	0.034030807
2702	"Malaysia"	458	" 80"	0.178107743	0.166322307	0.160907655	0.150262596	0.134661434	0.128978868	0.117967094	0.11956925	0.118138835	0.109611829	0.104211268	0.094465858	0.087632303	0.081428684	0.076294928	0.071888949	0.067582038	0.063828555	0.060394671	0.05729333
2703	"Malaysia"	458	" 85"	0.252332791	0.237586505	0.231959478	0.218897042	0.198516222	0.191781181	0.177449225	0.181491882	0.182258107	0.170544969	0.163743031	0.14984383	0.14001908	0.130863678	0.123290901	0.116791447	0.110238551	0.104517989	0.099278776	0.094541239
2704	"Malaysia"	458	" 90"	0.345017777	0.327399083	0.322349504	0.307119473	0.281518684	0.274052259	0.2561686	0.264153326	0.268458808	0.253643412	0.24597609	0.227819975	0.214818616	0.202322354	0.191968657	0.183064678	0.173755138	0.165593653	0.1580945	0.151291858
2705	"Malaysia"	458	" 95"	0.452500205	0.432388738	0.428825484	0.411887495	0.380913556	0.37311538	0.351616848	0.365038045	0.373496914	0.356515665	0.349073128	0.327899431	0.312460128	0.297070785	0.284281879	0.273246651	0.261195717	0.250559769	0.240734319	0.231775374
2706	"Malaysia"	458	"100+"	0.667511686	0.653479831	0.647548583	0.636617871	0.620297323	0.615059976	0.603811701	0.607909822	0.621450994	0.604881817	0.599970166	0.58360084	0.572157771	0.560678591	0.55130357	0.543355615	0.534629902	0.527041139	0.520117669	0.513873485
3147	"Netherlands"	528	"  0"	0.023093024	0.016638706	0.012611497	0.010221181	0.008463734	0.006934402	0.007258586	0.006367526	0.005316271	0.004740942	0.004337558	0.00416621	0.004065442	0.00398484	0.003894178	0.00379346	0.003702829	0.003612213	0.003531679	0.003441091
3148	"Netherlands"	528	"  1"	0.001414922	0.001012362	0.000761674	0.000613641	0.000505374	0.000411251	0.000452518	0.0003785	0.000313652	0.000243043	0.000224846	0.000258236	0.000244136	0.000232808	0.000227008	0.000226734	0.000219429	0.000212878	0.000205327	0.000200035
3149	"Netherlands"	528	"  5"	0.000397873	0.000292852	0.00024388	0.00022666	0.000208239	0.000162062	0.000194011	0.000156764	0.000145121	0.000115914	9.57401e-05	8.09659e-05	7.4991e-05	7.02931e-05	6.54846e-05	6.08859e-05	5.76717e-05	5.40656e-05	5.10211e-05	4.85292e-05
3150	"Netherlands"	528	" 10"	0.000286944	0.000219303	0.000185625	0.000173082	0.000159613	0.0001249	0.0001682	0.000147592	0.000152326	0.000122334	0.000107222	8.67949e-05	7.83804e-05	7.25565e-05	6.62545e-05	6.07754e-05	5.60221e-05	5.22722e-05	4.81382e-05	4.62719e-05
3151	"Netherlands"	528	" 15"	0.000460055	0.000354037	0.000301184	0.000281519	0.000260346	0.000207672	0.000241951	0.000218885	0.000213909	0.000194707	0.000174018	0.000145121	0.000131773	0.000120865	0.000111813	0.000103512	9.58606e-05	8.89752e-05	8.2897e-05	7.76455e-05
3152	"Netherlands"	528	" 20"	0.000659218	0.000513123	0.000444466	0.000420611	0.000394469	0.000324147	0.000301813	0.000278462	0.000260848	0.000257921	0.000222713	0.000194221	0.000181419	0.000169473	0.000159353	0.000149779	0.000140971	0.00013272	0.000126328	0.00011949
3153	"Netherlands"	528	" 25"	0.000829407	0.000653362	0.000571681	0.000543886	0.000513114	0.000427635	0.000361127	0.00034328	0.000337139	0.000318202	0.000270345	0.000241483	0.00022754	0.000216509	0.000204506	0.00019444	0.000183495	0.000174319	0.000166818	0.000160127
3154	"Netherlands"	528	" 30"	0.001047063	0.000839203	0.000738735	0.000703219	0.000663853	0.000553937	0.000497431	0.000485585	0.000491493	0.000441255	0.000387311	0.000342238	0.000318863	0.000300809	0.000284106	0.000267673	0.00025235	0.000238546	0.000225995	0.000215109
3155	"Netherlands"	528	" 35"	0.001414688	0.001163842	0.00103355	0.000984618	0.000930296	0.000777583	0.000743509	0.000715319	0.000747868	0.00072892	0.000623657	0.000541851	0.000501621	0.000469279	0.000439416	0.000410674	0.000385595	0.000361331	0.000340347	0.000321483
3156	"Netherlands"	528	" 40"	0.002086296	0.001783673	0.001604051	0.001529993	0.001447564	0.00121373	0.001207244	0.001142558	0.00119566	0.001236572	0.001106446	0.000950396	0.000874873	0.000813644	0.000757625	0.000704255	0.000656218	0.000611818	0.000571855	0.000536853
3157	"Netherlands"	528	" 45"	0.003235551	0.002861358	0.002603792	0.002488762	0.002360122	0.001989985	0.002000866	0.001868374	0.001883135	0.001952091	0.001885231	0.001622904	0.00149444	0.001388255	0.001293543	0.001202438	0.001120622	0.001044706	0.000976523	0.000916013
3158	"Netherlands"	528	" 50"	0.004992004	0.004510426	0.004147753	0.003980315	0.003791084	0.003231553	0.003155916	0.002969416	0.002873063	0.002936754	0.002850236	0.002494424	0.002319513	0.002172471	0.002039178	0.001912113	0.001796542	0.00168779	0.001591687	0.001503247
3159	"Netherlands"	528	" 55"	0.007740995	0.007091295	0.006580212	0.006342905	0.006070854	0.005239013	0.004788	0.004621254	0.004500489	0.004410927	0.004144813	0.003712587	0.003497719	0.003314249	0.003145552	0.002983101	0.002834188	0.002693476	0.002565018	0.002445212
3160	"Netherlands"	528	" 60"	0.013034611	0.012132826	0.011320118	0.010928721	0.010480211	0.009083977	0.007944016	0.007713898	0.00761145	0.007320347	0.006812026	0.006169028	0.005846026	0.005565951	0.005308371	0.005058908	0.00483189	0.004614152	0.004411556	0.004223268
3161	"Netherlands"	528	" 65"	0.023089553	0.021810808	0.020354795	0.019614735	0.018784778	0.016212292	0.01425181	0.013803017	0.013588563	0.013116954	0.012335318	0.011115371	0.0105088	0.009977073	0.009492688	0.009027472	0.008607499	0.008204742	0.007828257	0.007480572
3162	"Netherlands"	528	" 70"	0.04050191	0.038833032	0.036277517	0.034911401	0.033405196	0.02873987	0.025417457	0.024561456	0.024127554	0.023377703	0.022222768	0.019935518	0.018808457	0.01781053	0.016909012	0.016049542	0.015279224	0.014540422	0.013846765	0.013209785
3163	"Netherlands"	528	" 75"	0.069877487	0.068006521	0.063676252	0.061247933	0.058600527	0.050357292	0.044865861	0.04328312	0.042436321	0.041275971	0.039674645	0.035464986	0.033405776	0.031564885	0.029913352	0.028348575	0.026954765	0.025617227	0.02435577	0.023202925
3164	"Netherlands"	528	" 80"	0.117366328	0.115902009	0.108976209	0.104909249	0.100490087	0.086526378	0.07782228	0.075029189	0.073448983	0.071722644	0.069734933	0.062213424	0.058552352	0.05524687	0.052296459	0.049513831	0.047047198	0.04467671	0.042429752	0.040383648
3165	"Netherlands"	528	" 85"	0.189287621	0.189461016	0.179322059	0.173096963	0.166280546	0.144110324	0.131220225	0.126630488	0.123854318	0.121423218	0.119454408	0.106626943	0.100393988	0.094704485	0.089639227	0.084873356	0.08066139	0.076601763	0.072729663	0.06921042
3166	"Netherlands"	528	" 90"	0.288719132	0.292280062	0.279167132	0.27076986	0.261360917	0.22922743	0.212051139	0.205270307	0.200768975	0.197573959	0.196678649	0.17624463	0.166297044	0.157102755	0.148913062	0.141204416	0.134396915	0.127803016	0.121462744	0.115698171
3167	"Netherlands"	528	" 95"	0.411171187	0.419731733	0.405315516	0.395731718	0.384480615	0.342980175	0.323500187	0.314912165	0.308292264	0.304374531	0.30651005	0.276727098	0.262164714	0.248522094	0.236327649	0.224813765	0.214632864	0.204701073	0.195053339	0.186256072
3168	"Netherlands"	528	"100+"	0.701693682	0.708800173	0.685411888	0.669977597	0.655181949	0.612988225	0.619629963	0.61634564	0.605782416	0.598725766	0.613628593	0.576071082	0.55925484	0.544520516	0.53203053	0.52077931	0.51129091	0.502394434	0.494041273	0.486638893
